   1.5000000000000000       0.50000000000000000       -1.8518819499999892        35.542180000000002        36.306190000000001        27.151630000000001        10.960240847599835        10.827692683899841        20.064363343100013
   1.6000000000000001       0.50000000000000000       -1.8629471799999964        33.535020000000003        34.296950000000002        31.168030000000002        12.384533599599763        12.268835697499753        20.540530919099865
   1.7000000000000000       0.50000000000000000       -1.8806662500000111        31.329059999999998        32.074590000000001        35.596350000000001        13.650989516400045        13.760131331900084        19.879331677499749
   1.8000000000000000       0.50000000000000000       -1.9069745600000290        28.989709999999999        29.741019999999999        40.269269999999999        14.267179115900149        14.460319359600135        18.338368667100212
   1.8999999999999999       0.50000000000000000       -1.9424518099999917        26.587209999999999        27.339700000000001        45.073090000000001        14.337139415899969        14.572053910000022        15.749682851900161
   2.0000000000000000       0.50000000000000000       -1.9874444999999952        24.131730000000001        24.876180000000002        49.992089999999997        13.634682207099900        13.811348607599939        12.570022431900270
   2.1000000000000001       0.50000000000000000       -2.0424760700000006        21.667790000000000        22.424640000000000        54.907570000000000        12.250551515899986        12.487900870400040        15.660341695100215
   2.2000000000000002       0.50000000000000000       -2.1070381599999903        19.242840000000001        19.994029999999999        59.763129999999997        11.294928734399946        11.488489359100072        18.124977603100433
   2.2999999999999998       0.50000000000000000       -2.1809712599999940        16.904010000000000        17.674769999999999        64.421220000000005        10.565080919900026        10.682490447100065        19.998803711599066
   2.3999999999999999       0.50000000000000000       -2.2629432800000062        14.691500000000000        15.437379999999999        68.871120000000005        9.6715777500000115        9.7011487356000146        20.805009945599522
   2.5000000000000000       0.50000000000000000       -2.3517910500000063        12.701540000000000        13.462830000000000        72.835629999999995        8.5064016283999990        8.7410233910999864        20.317697503101044
