    0.5000    0.0357

    0.6122    0.0389

    0.7245    0.0425

    0.8367    0.0465

    0.9490    0.0510

    1.0612    0.0560

    1.1735    0.0615

    1.2857    0.0677

    1.3980    0.0745

    1.5102    0.0820

    1.6224    0.0903

    1.7347    0.0994

    1.8469    0.1093

    1.9592    0.1203

    2.0714    0.1322

    2.1837    0.1451

    2.2959    0.1591

    2.4082    0.1743

    2.5204    0.1907

    2.6327    0.2082

    2.7449    0.2270

    2.8571    0.2469

    2.9694    0.2681

    3.0816    0.2904

    3.1939    0.3138

    3.3061    0.3383

    3.4184    0.3636

    3.5306    0.3898

    3.6429    0.4167

    3.7551    0.4441

    3.8673    0.4719

    3.9796    0.4999

    4.0918    0.5280

    4.2041    0.5559

    4.3163    0.5835

    4.4286    0.6106

    4.5408    0.6370

    4.6531    0.6627

    4.7653    0.6875

    4.8776    0.7113

    4.9898    0.7340

    5.1020    0.7556

    5.2143    0.7760

    5.3265    0.7952

    5.4388    0.8132

    5.5510    0.8300

    5.6633    0.8456

    5.7755    0.8600

    5.8878    0.8734

    6.0000    0.8856
