   2.0000000000000000       0.50000000000000000       0.50000000000000000       0.39002686049382712       0.43985158209876546       0.17012155740740742       0.30741342606152305       0.11424473122322794       0.57438766999183122
   2.0000000000000000       0.50000000000000000       0.55000000000000004       0.38082996296296295       0.43501581172839510       0.18415422530864198       0.29019560574933334       0.12679430120546992       0.55943143886416991
   2.0000000000000000       0.50000000000000000       0.59999999999999998       0.37230964567901237       0.43013165432098766       0.19755870000000000       0.24598723834992767       0.13766122782059634       0.50037846639008621
   2.0000000000000000       0.50000000000000000       0.65000000000000002       0.36594348703703705       0.42533571851851854       0.20872079444444444       0.21495611703126793       0.15111336229369043       0.46269475856998554
   2.0000000000000000       0.50000000000000000       0.69999999999999996       0.35997317345679009       0.42038758209876548       0.21963924444444446       0.19561929795817748       0.16536301896933259       0.44446776521420195
   2.0000000000000000       0.50000000000000000       0.75000000000000000       0.35424950740740740       0.41511782716049389       0.23063266543209879       0.18723023273990730       0.18345814117851356       0.44512517375849980
   2.0000000000000000       0.50000000000000000       0.80000000000000004       0.34902020617283952       0.40955072345679011       0.24142907037037037       0.18999782391487519       0.20068327819186918       0.46035560490861016
   2.0000000000000000       0.50000000000000000       0.84999999999999998       0.34365333888888888       0.40348751111111109       0.25285914999999998       0.19418650947399094       0.22327945591174755       0.48361303785664927
   2.0000000000000000       0.50000000000000000       0.90000000000000002       0.33803709567901236       0.39701542469135803       0.26494747962962961       0.19977376696601923       0.24070938946489520       0.49543831376863334
   2.0000000000000000       0.50000000000000000       0.94999999999999996       0.33235371172839506       0.38998320061728398       0.27766308765432096       0.21013384522822753       0.26512794881050167       0.52199578158764370
   2.0000000000000000       0.50000000000000000        1.0000000000000000       0.32663452716049385       0.38255343271604936       0.29081204012345679       0.21941458264568442       0.28807155863511275       0.54503256779319298
   2.0000000000000000       0.50000000000000000        1.0500000000000000       0.32070932037037037       0.37481730925925927       0.30447337037037037       0.22861233661339309       0.30994086498998241       0.55609594890994396
   2.0000000000000000       0.50000000000000000        1.1000000000000001       0.31485141481481482       0.36685499753086420       0.31829358765432098       0.23556032516329584       0.32650281710981355       0.55200683661055305
   2.0000000000000000       0.50000000000000000        1.1499999999999999       0.30902074074074076       0.35872565308641974       0.33225360617283950       0.24298271753083639       0.34092765229284178       0.54488275050517621
   2.0000000000000000       0.50000000000000000        1.2000000000000000       0.30331620925925923       0.35072783703703703       0.34595595370370374       0.24985688141659246       0.35216879055843930       0.52158733123865975
   2.0000000000000000       0.50000000000000000        1.2500000000000000       0.29787744382716047       0.34286545061728396       0.35925710555555557       0.25478150318036097       0.36058398958756932       0.49487872358734925
   2.0000000000000000       0.50000000000000000        1.3000000000000000       0.29283940740740738       0.33550479753086415       0.37165579506172841       0.25805963742223359       0.36334794810296173       0.45901790804264170
   2.0000000000000000       0.50000000000000000        1.3500000000000001       0.28807145123456790       0.32843107716049386       0.38349747160493824       0.26332832766050057       0.36446727218205560       0.42007113113456096
   2.0000000000000000       0.50000000000000000        1.3999999999999999       0.28366336543209875       0.32190832530864194       0.39442830925925926       0.26754756217994902       0.36578121278689379       0.38467200046560418
   2.0000000000000000       0.50000000000000000        1.4500000000000000       0.27954480617283950       0.31581231049382713       0.40464288333333337       0.27006730493067554       0.36590074374564679       0.35175263096311093
   2.0000000000000000       0.50000000000000000        1.5000000000000000       0.27565100370370371       0.31001834506172837       0.41433065123456791       0.27365486440343645       0.36431644041259359       0.32260029940426144
   2.0000000000000000       0.50000000000000000        1.5500000000000000       0.27198242407407408       0.30465959197530867       0.42335798395061730       0.27718553686040215       0.36282852023197509       0.29331308834944608
   2.0000000000000000       0.50000000000000000        1.6000000000000001       0.26847697592592590       0.29956150308641977       0.43196152098765433       0.27924250056031508       0.36168648319625019       0.27109817808959635
   2.0000000000000000       0.50000000000000000        1.6499999999999999       0.26512021234567901       0.29470781975308641       0.44017196790123458       0.28153659832765160       0.35889860783725186       0.24954863017097254
   2.0000000000000000       0.50000000000000000        1.7000000000000000       0.26187669506172839       0.29007822592592597       0.44804507901234569       0.28348636878546568       0.35446947666756051       0.23095245180168639
   2.0000000000000000       0.50000000000000000        1.7500000000000000       0.25869694320987657       0.28564748888888886       0.45565556790123452       0.28053152783299556       0.35037965746850847       0.21531261802444027
   2.0000000000000000       0.50000000000000000        1.8000000000000000       0.25562198271604936       0.28133557407407406       0.46304244320987653       0.27962970458585512       0.34519540866573895       0.20181802034705740
   2.0000000000000000       0.50000000000000000        1.8500000000000001       0.25260424814814814       0.27718272654320991       0.47021302530864195       0.27810814369349152       0.33893921880215339       0.18959573106978225
   2.0000000000000000       0.50000000000000000        1.8999999999999999       0.24960292716049384       0.27316504567901234       0.47723202716049384       0.27702785138418051       0.33291861673265144       0.17840180339352055
   2.0000000000000000       0.50000000000000000        1.9500000000000000       0.24663722962962964       0.26916101111111113       0.48420175925925923       0.27215758812206331       0.32463415067668799       0.16902563793990003
   2.0000000000000000       0.50000000000000000        2.0000000000000000       0.24367365061728397       0.26528312777777779       0.49104322160493824       0.26936686509607910       0.31858947889206723       0.16191975111072815
   2.0000000000000000       0.50000000000000000        2.0499999999999998       0.24071806913580249       0.26142129938271602       0.49786063148148152       0.26125405663990897       0.30470878912036792       0.16006768465654372
   2.0000000000000000       0.50000000000000000        2.1000000000000001       0.23775714753086419       0.25764075308641976       0.50460209938271605       0.25340313635469003       0.29380503197487323       0.16026253418643371
   2.0000000000000000       0.50000000000000000        2.1499999999999999       0.23475632345679012       0.25389274382716048       0.51135093271604937       0.24741941759306765       0.28418937191356369       0.16117654599051026
   2.0000000000000000       0.50000000000000000        2.2000000000000002       0.23175539074074075       0.25010933271604940       0.51813527654320990       0.24100440156863812       0.27557684707802427       0.16627143661948610
   2.0000000000000000       0.50000000000000000        2.2500000000000000       0.22867982777777776       0.24635741666666666       0.52496275555555549       0.23531931299895170       0.26477161885778144       0.17406962692099451
   2.0000000000000000       0.50000000000000000        2.2999999999999998       0.22555140740740739       0.24260891481481484       0.53183967777777774       0.22994408440493755       0.25722689055617798       0.18277299860362997
   2.0000000000000000       0.50000000000000000        2.3500000000000001       0.22240086172839507       0.23872375987654323       0.53887537839506172       0.22439707876045120       0.24926105806058602       0.19363192783875599
   2.0000000000000000       0.50000000000000000        2.3999999999999999       0.21916886604938271       0.23485437160493827       0.54597676234567905       0.21831054064302913       0.24495171470912519       0.20684511517881657
   2.0000000000000000       0.50000000000000000        2.4500000000000002       0.21573767962962961       0.23091145308641975       0.55335086728395055       0.21388278303327279       0.23824957519043150       0.22081360046907017
   2.0000000000000000       0.50000000000000000        2.5000000000000000       0.21227373271604941       0.22682961913580246       0.56089664814814810       0.21104209927794593       0.23342591941945204       0.23803374485095480
   2.0000000000000000       0.50000000000000000        2.5499999999999998       0.20862975555555555       0.22266078580246915       0.56870945864197531       0.20845988242630414       0.22950107285625698       0.25639527631854570
   2.0000000000000000       0.50000000000000000        2.6000000000000001       0.20475968086419752       0.21829385432098766       0.57694646481481482       0.20594738495217085       0.22643264612146324       0.28037011799126588
   2.0000000000000000       0.50000000000000000        2.6499999999999999       0.20067769629629631       0.21367239506172842       0.58564990864197530       0.20620060190799888       0.22803132745019092       0.30926257064393547
   2.0000000000000000       0.50000000000000000        2.7000000000000002       0.19625903703703704       0.20871603888888890       0.59502492407407415       0.20889321653334061       0.22738440985565023       0.34462545514175735
   2.0000000000000000       0.50000000000000000        2.7500000000000000       0.19145729814814816       0.20342819444444443       0.60511450740740735       0.21077905150479637       0.23117062993248477       0.38867674033743915
   2.0000000000000000       0.50000000000000000        2.7999999999999998       0.18604655432098766       0.19754050308641977       0.61641294259259261       0.21948105988197278       0.24008674842773298       0.45278873289383398
   2.0000000000000000       0.50000000000000000        2.8500000000000001       0.17981663950617285       0.19079568827160495       0.62938767222222214       0.23554565705973396       0.25575755332279693       0.54673668069471781
   2.0000000000000000       0.50000000000000000        2.8999999999999999       0.17217332283950618       0.18262548641975310       0.64520119074074067       0.26486647074785585       0.28754776068832683       0.70296561541880864
   2.0000000000000000       0.50000000000000000        2.9500000000000002       0.16128538086419753       0.17113667530864199       0.66757794382716051       0.35136715453858619       0.38068333238744850        1.1047479554934909
   2.0000000000000000       0.50000000000000000        3.0000000000000000       0.14324184629629630       0.15228096111111111       0.70447719259259256       0.50172076336657889       0.54304002041703181        1.7831671624332321
