   3.5000000000000000       0.90000000000000002       -8.3813204405002661       9.15890000000000037E-002   2136.9011740000001        563.00723700000003       7.24639550789999975E-002   474.56314042117447        474.35300612583524
   3.5000000000000000       0.88000000000000000       -8.4363541889999123       0.13137699999999999        2026.6347370000001        673.23388599999998       0.11198558387100002        486.00875844061375        485.79964433901478
   3.5000000000000000       0.85999999999999999       -8.4912326559999158       0.17233499999999999        1916.6730130000001        783.15465200000006       0.15386514777499999        491.64055600157008        491.44756675884128
   3.5000000000000000       0.83999999999999997       -8.5460879385000297       0.21072800000000000        1806.7704830000000        893.01878899999997       0.19716271001600000        492.60035944683477        492.47695247351658
   3.5000000000000000       0.82000000000000006       -8.6012760374999253       0.24140700000000001        1696.2408900000000        1003.5177030000000       0.23265916035099998        498.25857200752944        498.34593710373156
   3.5000000000000000       0.80000000000000004       -8.6572008344995766       0.24388599999999999        1584.3789010000000        1115.3772130000000       0.23722961900399997        517.23777153203264        517.39582285261713
   3.5000000000000000       0.78000000000000003       -8.7137842104994707       0.22029799999999999        1471.3300890000000        1228.4496130000000       0.21554479119599998        544.86559075210243        545.09420365025289
   3.5000000000000000       0.76000000000000001       -8.7701342104999434       0.19230600000000000        1358.7700490000000        1341.0376450000001       0.18718340236400000        566.88414303772151        567.13210435374640
   3.5000000000000000       0.73999999999999999       -8.8258347500000838       0.16884600000000000        1247.4862700000001        1452.3448840000001       0.16306502828399999        577.85883448668756        578.13480802625418
   3.5000000000000000       0.71999999999999997       -8.8809941155003482       0.14582500000000001        1137.2826439999999        1562.5715310000000       0.14149556937499999        581.48431136948057        581.70314681576565
   3.5000000000000000       0.69999999999999996       -8.9355600339999679       0.12521299999999999        1028.2538669999999        1671.6209200000001       0.12089420463100001        570.01162104657851        570.23990235337988
   3.5000000000000000       0.67999999999999994       -8.9895768264999028       0.10902000000000001        920.30124699999999        1779.5897330000000       0.10547963959999999        553.25567374506500        553.43313848832622
   3.5000000000000000       0.65999999999999992       -9.0431105649998553       8.88250000000000012E-002   813.33474500000000        1886.5764300000001       8.61896193749999984E-002   527.58156328496989        527.75630945479497
   3.5000000000000000       0.64000000000000001       -9.0960656215001521       7.06200000000000022E-002   707.51565700000003        1992.4137229999999       6.86178156000000067E-002   491.10670635831775        491.24535377975553
   3.5000000000000000       0.62000000000000000       -9.1484760015000539       5.52580000000000016E-002   602.77170699999999        2097.1730349999998       5.41505534359999971E-002   445.54551280615851        445.66174138989300
   3.5000000000000000       0.59999999999999998       -9.2003462095000259       4.05439999999999967E-002   499.10486100000003        2200.8545949999998       3.95551840639999999E-002   390.79440067065298        390.86470788624138
   3.5000000000000000       0.58000000000000007       -9.2516483280001722       2.95710000000000001E-002   396.55548900000002        2303.4149400000001       2.97390559589999978E-002   328.61739447087166        328.68614779599011
   3.5000000000000000       0.56000000000000005       -9.3023448509994680       1.77520000000000004E-002   295.22153800000001        2404.7607100000000       1.78888664960000013E-002   256.72816691455955        256.77977529540658
   3.5000000000000000       0.54000000000000004       -9.3523660400006730       9.58200000000000024E-003   195.22001000000000        2504.7704079999999       1.02231852759999998E-002   178.26334359990142        178.28699351381510
   3.5000000000000000       0.52000000000000002       -9.4016100159991769       3.37600000000000009E-003   96.763087999999996        2603.2335360000002       3.39360262400000001E-003   92.523886704257166        92.534891935996711
   3.5000000000000000       0.50000000000000000       -9.4500000000890036        0.0000000000000000        0.0000000000000000        2700.0000000000000        0.0000000000000000        0.0000000000000000        0.0000000000000000
   3.5000000000000000       0.47999999999999998       -9.1184858715023829        124.57807300000000        40.137892000000001        2535.2840350000001        6.8605821066703356        2.5767417963359094        8.1899046180769801
   3.5000000000000000       0.45999999999999996       -9.0529979900084729        158.80049800000000       1.52999999999999989E-003   2541.1979719999999        14.367467951993603       1.89065909999999986E-003   14.374140087515116
   3.5000000000000000       0.43999999999999995       -8.8293061065001552        248.27679300000000       3.82199999999999988E-003   2451.7193849999999        35.717691135148925       4.28839231600000072E-003   35.730822722427547
   3.5000000000000000       0.42000000000000004       -8.5848238419998317        346.06855000000002       9.56599999999999985E-003   2353.9218839999999        70.657120897478308       9.83849164400000045E-003   70.681813891045749
   3.5000000000000000       0.40000000000000002       -8.3360106490001513        445.59191800000002       1.91120000000000005E-002   2254.3889700000000        101.08465108124074       1.91427314560000013E-002   101.13734333962202
   3.5000000000000000       0.38000000000000000       -8.0858852649998738        545.63986199999999       3.01599999999999993E-002   2154.3299780000002        123.32957862096373       2.95803744000000014E-002   123.39328151848167
   3.5000000000000000       0.35999999999999999       -7.8350243004998594        645.98159899999996       4.34039999999999981E-002   2053.9749969999998        135.85648890328594       4.18490927840000013E-002   135.93579335045069
   3.5000000000000000       0.33999999999999997       -7.5833403414996887        746.65296999999998       5.44670000000000015E-002   1953.2925630000000        141.06258817913476       5.19958459109999965E-002   141.14816139126197
   3.5000000000000000       0.31999999999999995       -7.3306274314997486        847.73689500000000       6.06620000000000006E-002   1852.2024429999999        137.49214725894853       5.71151217560000035E-002   137.59118433203548
   3.5000000000000000       0.30000000000000004       -7.0760793729998124        949.55591500000003       6.16789999999999977E-002   1750.3824059999999        129.32618301268667       5.81012009590000031E-002   129.39343765145168
   3.5000000000000000       0.28000000000000003       -6.8177344264999720        1052.8957310000001       5.24919999999999970E-002   1647.0517769999999        123.76615547551773       4.87945899359999991E-002   123.82990664243698
   3.5000000000000000       0.26000000000000001       -6.5510592959998508        1159.5687459999999       3.76780000000000032E-002   1540.3935759999999        130.21336698764935       3.46133683160000025E-002   130.26289993198588
   3.5000000000000000       0.23999999999999999       -6.2716350829999286        1271.3401850000000       2.89090000000000007E-002   1428.6309060000001        161.30105366557837       2.65167697189999975E-002   161.33886461891234
   3.5000000000000000       0.21999999999999997       -5.9816575299999828        1387.3308110000000       3.08849999999999993E-002   1312.6383040000001        204.23532358207740       2.79576167749999993E-002   204.27685400331393
   3.5000000000000000       0.19999999999999996       -5.6868635839999540        1505.2455940000000       4.48619999999999991E-002   1194.7095440000001        243.62038358720019       3.95344009559999987E-002   243.68102231179364
   3.5000000000000000       0.18000000000000005       -5.3897405620001537        1624.0898079999999       6.98359999999999953E-002   1075.8403559999999        266.39922952326015       6.09769331040000001E-002   266.44797079334967
   3.5000000000000000       0.16000000000000003       -5.0914865249999419        1743.3843859999999       0.10502000000000000        956.51059399999997        268.69686440285295       9.13617995999999877E-002   268.72234276717063
   3.5000000000000000       0.14000000000000001       -4.7924287689997911        1862.9986910000000       0.14900700000000000        836.85230200000001        250.16209778655320       0.12938541395099998        250.14452830085065
   3.5000000000000000       0.12000000000000000       -4.4937866399998407        1982.4514310000000       0.16956499999999999        717.37900400000001        233.32972355233505       0.14722821077500001        233.22515796800144
   3.5000000000000000       9.99999999999999778E-002  -4.1955629304999285        2101.7465720000000       0.14127899999999999        598.11214900000004        236.33005924895406       0.11943574415900000        236.18481810175581
