  0.50000000000000000       0.90400000000000003        2.2000000000000002       5.37963333333333314E-003  0.84926917777777777       0.14535118888888887       3.93646911522222212E-003  0.11074262707125551       0.10855255361300048
  0.50000000000000000       0.88800000000000001        2.2000000000000002       7.60725370370370427E-003  0.82380450185185183       0.16858824444444445       5.52518602994958932E-003  0.12630338803110741       0.12382786165318521
  0.50000000000000000       0.87200000000000000        2.2000000000000002       1.02641666666666662E-002  0.79837022962962967       0.19136560370370370       7.46209812499999507E-003  0.14095836937677328       0.13842645647584809
  0.50000000000000000       0.85599999999999998        2.2000000000000002       1.33085759259259258E-002  0.77288362962962964       0.21380779444444442       9.63732445456687466E-003  0.15470033552922055       0.15230926321843982
  0.50000000000000000       0.83999999999999997        2.2000000000000002       1.67986518518518507E-002  0.74764779814814808       0.23555355000000000       1.21054924917860050E-002  0.16753380597149467       0.16570557194147115
  0.50000000000000000       0.82400000000000007        2.2000000000000002       2.07089037037037037E-002  0.72250322592592597       0.25678787037037037       1.48854996246255197E-002  0.17967376724838688       0.17839114289866606
  0.50000000000000000       0.80800000000000005        2.2000000000000002       2.50504592592592570E-002  0.69748928703703705       0.27746025370370370       1.80141991219094910E-002  0.19025696927344446       0.18989820384735745
  0.50000000000000000       0.79200000000000004        2.2000000000000002       2.98382611111111147E-002  0.67274707592592586       0.29741466296296293       2.13724975299166425E-002  0.20014566197198291       0.20128903379555291
  0.50000000000000000       0.77600000000000002        2.2000000000000002       3.50646166666666662E-002  0.64814077777777779       0.31679460555555555       2.51843501836944497E-002  0.20885761374445186       0.21155137189961654
  0.50000000000000000       0.76000000000000001        2.2000000000000002       4.07412907407407390E-002  0.62390106296296299       0.33535764629629627       2.90965973372335415E-002  0.21671508084621260       0.22165043507135732
  0.50000000000000000       0.74399999999999999        2.2000000000000002       4.68354388888888862E-002  0.59981055185185184       0.35335400925925925       3.33713205218426415E-002  0.22340430504196168       0.23081467823330967
  0.50000000000000000       0.72799999999999998        2.2000000000000002       5.34333666666666693E-002  0.57610899814814820       0.37045763518518515       3.77540961478147613E-002  0.22904842304332609       0.23962429415933609
  0.50000000000000000       0.71199999999999997        2.2000000000000002       6.04857888888888917E-002  0.55269227037037039       0.38682194074074078       4.25540712651479650E-002  0.23358149111286669       0.24691423550708957
  0.50000000000000000       0.69599999999999995        2.2000000000000002       6.80510092592592625E-002  0.52961966296296303       0.40232932777777775       4.76991462684926149E-002  0.23810983830665161       0.25532764092740157
  0.50000000000000000       0.67999999999999994        2.2000000000000002       7.60575000000000001E-002  0.50686415925925932       0.41707834074074074       5.29526710879626231E-002  0.23951157307682783       0.26098794992961000
  0.50000000000000000       0.66399999999999992        2.2000000000000002       8.45626444444444458E-002  0.48442800370370370       0.43100935185185185       5.85014586279999083E-002  0.24203972940444751       0.26788052931841472
  0.50000000000000000       0.64800000000000002        2.2000000000000002       9.36091370370370351E-002  0.46255209814814813       0.44383876481481477       6.39623389543661908E-002  0.24326896351266139       0.27302800707562708
  0.50000000000000000       0.63200000000000001        2.2000000000000002       0.10310596296296297       0.44088741666666664       0.45600662037037037       6.97388278514404214E-002  0.24335663175718461       0.27790550074008935
  0.50000000000000000       0.61599999999999999        2.2000000000000002       0.11311868703703705       0.41966966666666666       0.46721164629629630       7.59383030902449768E-002  0.24240044915185838       0.28213981675357597
  0.50000000000000000       0.59999999999999998        2.2000000000000002       0.12370476666666666       0.39899020185185186       0.47730503148148151       8.18115611836674334E-002  0.24024274879147925       0.28493804803487971
  0.50000000000000000       0.58400000000000007        2.2000000000000002       0.13476533518518519       0.37860667962962963       0.48662798518518513       8.81239306533332933E-002  0.23755302805921019       0.28870736964143967
  0.50000000000000000       0.56800000000000006        2.2000000000000002       0.14641388333333333       0.35870087037037041       0.49488524629629627       9.45449570277681478E-002  0.23503351569865724       0.29265452632810290
  0.50000000000000000       0.55200000000000005        2.2000000000000002       0.15860768703703704       0.33923397222222218       0.50215834074074073       0.10090655142098816       0.23012604098865874       0.29335535661111256
  0.50000000000000000       0.53600000000000003        2.2000000000000002       0.17139337592592591       0.32028683148148146       0.50831979259259263       0.10772574642908542       0.22577686738444147       0.29688469869819528
  0.50000000000000000       0.52000000000000002        2.2000000000000002       0.18470834259259258       0.30177079444444443       0.51352086296296295       0.11404137615738212       0.22069725925880751       0.29804552571732834
  0.50000000000000000       0.50400000000000000        2.2000000000000002       0.19857918148148149       0.28361536296296297       0.51780545555555557       0.12111386205085940       0.21515982667528988       0.29986964610811506
  0.50000000000000000       0.48799999999999999        2.2000000000000002       0.21310244444444446       0.26616319259259263       0.52073436296296294       0.12768663117036946       0.20905044304590775       0.30185163183010444
  0.50000000000000000       0.47199999999999998        2.2000000000000002       0.22815948888888887       0.24910821481481482       0.52273229629629625       0.13440480009940983       0.20275447316245240       0.30340196152921028
  0.50000000000000000       0.45599999999999996        2.2000000000000002       0.24394531296296298       0.23254429629629630       0.52351039074074079       0.14173127853913381       0.19543287986995589       0.30528773872085974
  0.50000000000000000       0.43999999999999995        2.2000000000000002       0.26035145925925929       0.21660128888888888       0.52304725185185186       0.14735587069450048       0.18755528994607629       0.30463428054913189
  0.50000000000000000       0.42400000000000004        2.2000000000000002       0.27738990000000002       0.20118204629629630       0.52142805370370371       0.15425675784144308       0.18028465126231821       0.30598823119319907
  0.50000000000000000       0.40800000000000003        2.2000000000000002       0.29510736296296297       0.18631255370370370       0.51858008333333339       0.15981620306936747       0.17233962101765277       0.30579080562753613
  0.50000000000000000       0.39200000000000002        2.2000000000000002       0.31355130185185182       0.17199609259259260       0.51445260555555550       0.16549628673229866       0.16381924356779867       0.30410250131518601
  0.50000000000000000       0.37600000000000000        2.2000000000000002       0.33273638518518517       0.15833838703703704       0.50892522777777782       0.17036218105771089       0.15488806548617351       0.30100788069738582
  0.50000000000000000       0.35999999999999999        2.2000000000000002       0.35260722222222224       0.14532422592592595       0.50206855185185184       0.17510230101851751       0.14570592622764933       0.29713158537827744
  0.50000000000000000       0.34399999999999997        2.2000000000000002       0.37328246111111113       0.13282782592592593       0.49388971296296302       0.17850685786435860       0.13601007386350222       0.29184727788267384
  0.50000000000000000       0.32799999999999996        2.2000000000000002       0.39460712962962963       0.12096429074074073       0.48442857962962960       0.18162331067643511       0.12639194023241923       0.28496453159106749
  0.50000000000000000       0.31200000000000006        2.2000000000000002       0.41666551296296295       0.10975026666666667       0.47358422037037040       0.18478296348958489       0.11656437146014771       0.27777036393061283
  0.50000000000000000       0.29600000000000004        2.2000000000000002       0.43954155555555557       9.91748648148148143E-002  0.46128357962962963       0.18548018934813928       0.10690049094822143       0.26863626311142674
  0.50000000000000000       0.28000000000000003        2.2000000000000002       0.46315650925925922       8.91823462962963026E-002  0.44766114444444438       0.18670470608517159       9.73259743929122539E-002  0.25897425418486819
  0.50000000000000000       0.26400000000000001        2.2000000000000002       0.48742407222222228       7.96891648148148057E-002  0.43288676296296291       0.18606032049175458       8.71026709277771261E-002  0.24736058543426528
  0.50000000000000000       0.24800000000000000        2.2000000000000002       0.51252877777777783       7.08882333333333420E-002  0.41658298888888889       0.18493254414444285       7.75472383895923212E-002  0.23542681607551760
  0.50000000000000000       0.23199999999999998        2.2000000000000002       0.53817131111111105       6.25683277777777797E-002  0.39926036111111113       0.18242323389911083       6.86867345796203649E-002  0.22373049973865514
  0.50000000000000000       0.21599999999999997        2.2000000000000002       0.56464545370370367       5.48173240740740739E-002  0.38053722222222225       0.17905226037344013       5.98629175555297835E-002  0.21171026212962413
  0.50000000000000000       0.19999999999999996        2.2000000000000002       0.59178042592592595       4.75747740740740735E-002  0.36064479999999999       0.17546335283447359       5.13529096883908673E-002  0.19918468470281975
  0.50000000000000000       0.18400000000000005        2.2000000000000002       0.61959969444444440       4.08210277777777755E-002  0.33957927777777780       0.16949033682384956       4.36705193868055161E-002  0.18594483858425520
  0.50000000000000000       0.16800000000000004        2.2000000000000002       0.64810004444444447       3.44926370370370328E-002  0.31740731851851850       0.16288488029570242       3.63035859582551759E-002  0.17347265082067678
  0.50000000000000000       0.15200000000000002        2.2000000000000002       0.67729519444444442       2.86892222222222236E-002  0.29401558333333333       0.15517212936826885       2.95800195962962684E-002  0.16054278918495585
  0.50000000000000000       0.13600000000000001        2.2000000000000002       0.70726120555555549       2.33477629629629639E-002  0.26939103148148147       0.14530632094176932       2.35294319801810786E-002  0.14709593516599853
  0.50000000000000000       0.12000000000000000        2.2000000000000002       0.73797754814814809       1.84187666666666659E-002  0.24360368518518519       0.13450734173728657       1.80606047881111328E-002  0.13348833407397251
  0.50000000000000000       0.10399999999999998        2.2000000000000002       0.76950134074074072       1.39999222222222212E-002  0.21649873703703704       0.12290235723851461       1.33266570352222405E-002  0.12009315285480927
