  0.50000000000000000       0.50000000000000000       -4.2921726199999792        881.50670666666667        1000.5677066666667        817.92558666666662        690.44866168720182        889.46573247388005        1690.4794093226083
  0.55000000000000004       0.50000000000000000       -4.2892081667500541        869.36933499999998        984.89467999999999        845.73598500000003        697.44703415781260        917.05834936432075        1658.2804185796995
  0.59999999999999998       0.50000000000000000       -4.2891356319999971        857.56512999999995        969.21232499999996        873.22254499999997        705.72316141647752        949.78108559444081        1630.7301095563453
  0.65000000000000002       0.50000000000000000       -4.2912162946665289        845.82935499999996        953.26639166666666        900.90425333333337        715.06088278407697        970.39087797992397        1580.4311875756830
  0.69999999999999996       0.50000000000000000       -4.2976541519999936        834.63559999999995        937.94064000000003        927.42376000000002        726.16362264007330        989.43540805706289        1526.7563357956242
  0.75000000000000000       0.50000000000000000       -4.3081580274999718        824.15040999999997        923.16463333333331        952.68495666666672        731.90058849868365        1004.7970458655618        1457.5456176979933
  0.80000000000000004       0.50000000000000000       -4.3222046629999156        814.00384666666662        908.81995166666661        977.17620166666666        742.93990186997689        1004.5351300977636        1373.2149204727029
  0.84999999999999998       0.50000000000000000       -4.3402074665833217        804.56289666666669        895.12699166666664        1000.3101116666667        748.52793400932569        1008.9168206165778        1287.7753232541727
  0.90000000000000002       0.50000000000000000       -4.3619125221666382        795.48855166666669        882.07793666666669        1022.4335116666666        758.14904310228303        1012.1150008760160        1212.5033218016615
  0.94999999999999996       0.50000000000000000       -4.3874257098332796        786.93156499999998        869.79469833333337        1043.2737366666668        768.04491915088147        1009.4374553922098        1123.8837732372340
   1.0000000000000000       0.50000000000000000       -4.4163826299999291        778.90722500000004        858.19131500000003        1062.9014600000000        772.19472529925406        1007.5182460707147        1047.3224832015112
   1.0500000000000000       0.50000000000000000       -4.4486328545833729        771.34552333333329        847.28211833333330        1081.3723583333333        778.77048029284924        1001.9106634126510        979.91554010496475
   1.1000000000000001       0.50000000000000000       -4.4837695006666030        763.99915499999997        836.93127166666670        1099.0695733333334        788.44786845275667        1002.3618655828759        912.68108788435347
   1.1499999999999999       0.50000000000000000       -4.5213765867498772        757.06186166666669        826.99235999999996        1115.9457783333332        792.75804230081849        996.38767996372189        856.17532084439881
   1.2000000000000000       0.50000000000000000       -4.5615541336666627        750.42690666666670        817.57750833333330        1131.9955849999999        797.13201903132722        992.56710995826870        802.32312800805084
   1.2500000000000000       0.50000000000000000       -4.6038512775000786        743.98284333333334        808.48399333333339        1147.5331633333333        809.59693898214027        989.20663545315620        756.09874852676876
   1.3000000000000000       0.50000000000000000       -4.6485402083333689        737.74524499999995        799.91987166666672        1162.3348833333334        812.04834572330583        986.71779028337914        712.95120815280825
   1.3500000000000001       0.50000000000000000       -4.6952025215833491        731.55953333333332        791.66567166666664        1176.7747950000000        814.93109411559999        981.63466206553858        672.52878354117274
   1.3999999999999999       0.50000000000000000       -4.7434687319998652        725.70063000000005        783.59311500000001        1190.7062550000001        817.50734260305762        976.44823876337614        638.43963470822200
   1.4500000000000000       0.50000000000000000       -4.7935464762500324        719.90041666666662        775.80752500000006        1204.2920583333334        818.49631982645951        970.35474920761772        607.59236442972906
   1.5000000000000000       0.50000000000000000       -4.8452156083333033        714.15415833333338        768.19512499999996        1217.6507166666668        821.27555104152998        969.56393706786912        577.22566115274094
   1.5500000000000000       0.50000000000000000       -4.8985029489999086        708.59394166666664        760.84801166666671        1230.5580466666668        819.93323746329406        960.72943037981167        550.10811891756020
   1.6000000000000001       0.50000000000000000       -4.9530700856665018        703.18789333333336        753.55915833333336        1243.2529483333333        816.13808776193764        950.28611445822753        525.95724797411822
   1.6499999999999999       0.50000000000000000       -5.0093217552498697        697.59702500000003        746.48875666666663        1255.9142183333333        813.42947364930296        941.14273525425233        500.59076567227021
   1.7000000000000000       0.50000000000000000       -5.0668946281666791        692.26700833333337        739.60118000000000        1268.1318116666666        813.66373071650742        935.58356427424587        480.99933485127985
   1.7500000000000000       0.50000000000000000       -5.1257738933332346        686.82611999999995        732.71478666666667        1280.4590933333334        804.14013241237262        920.83380835445132        458.80643664440140
   1.8000000000000000       0.50000000000000000       -5.1859322400000778        681.58987000000002        726.00344666666672        1292.4066833333334        803.89824338303879        914.77069312031381        444.52206699969247
   1.8500000000000001       0.50000000000000000       -5.2474576995000124        676.22205833333328        719.34473833333334        1304.4332033333333        793.01894426334184        901.39598298148485        429.45226653874852
   1.8999999999999999       0.50000000000000000       -5.3103733893331349        670.89404333333334        712.88911666666672        1316.2168400000000        783.74947985145263        885.10569988633506        414.90486708097160
   1.9500000000000000       0.50000000000000000       -5.3744200014165902        665.60945666666669        706.42760499999997        1327.9629383333333        777.26246757147601        873.56602813070640        401.02962226606905
   2.0000000000000000       0.50000000000000000       -5.4394915199999927        660.40244833333338        699.89396833333331        1339.7035833333334        765.58761283895001        854.53585145238321        394.13096715952270
   2.0499999999999998       0.50000000000000000       -5.5059253636665497        655.10185833333333        693.45506833333332        1351.4430733333334        750.79656237992458        832.17762364540249        391.64722102112137
   2.1000000000000001       0.50000000000000000       -5.5737936470000742        649.71587000000000        687.20122666666668        1363.0829033333334        734.36515180976130        808.52751782862470        394.67766037024558
   2.1499999999999999       0.50000000000000000       -5.6426658037500506        644.36239666666665        680.80301166666663        1374.8345916666667        718.81038198934402        790.16403142991476        399.03869258309714
   2.2000000000000002       0.50000000000000000       -5.7125588393332780        639.10941166666669        674.36266666666666        1386.5279216666668        705.64965492050396        770.69908122223569        407.46042288024910
   2.2500000000000000       0.50000000000000000       -5.7839486708333974        633.67635833333338        668.05882499999996        1398.2648166666668        692.47405857150443        753.40208711940795        420.01405046600848
   2.2999999999999998       0.50000000000000000       -5.8564146536667261        628.26620500000001        661.65817166666670        1410.0756233333334        677.51440573128639        734.67474922380643        431.99308611126617
   2.3500000000000001       0.50000000000000000       -5.9301853545000531        622.77320333333330        655.27566000000002        1421.9511366666666        666.48225327202817        716.10721489769639        447.61126237479039
   2.3999999999999999       0.50000000000000000       -6.0053137093333513        617.16859833333331        648.91624500000000        1433.9151566666667        648.36093376867939        698.08132426661905        466.38740327535197
   2.4500000000000002       0.50000000000000000       -6.0817069017500014        611.46469999999999        642.41948500000001        1446.1158150000001        637.56950224336470        684.90409816813190        485.76579271885566
   2.5000000000000000       0.50000000000000000       -6.1591409733333693        605.87275499999998        635.90021166666668        1458.2270333333333        629.06347120995633        671.60778645519167        507.25918253231794
   2.5499999999999998       0.50000000000000000       -6.2381706010000197        600.00083500000005        629.27087833333337        1470.7282866666667        617.16869680269156        661.52396909514209        530.46463186433539
   2.6000000000000001       0.50000000000000000       -6.3185794653334373        594.02702166666666        622.55674999999997        1483.4162283333333        607.63539066287922        649.93048110418022        555.22806147439405
   2.6499999999999999       0.50000000000000000       -6.4002942436666546        588.01844166666672        615.78477833333329        1496.1967800000000        598.75440073822392        640.18604046758264        582.12017096485943
   2.7000000000000002       0.50000000000000000       -6.4836593938331397        581.77279833333330        608.91050333333328        1509.3166983333333        589.78907523601083        631.54203868005425        610.13406799919903
   2.7500000000000000       0.50000000000000000       -6.5684501433333580        575.43104833333337        601.81791166666665        1522.7510400000001        586.19311150093563        624.23690967221046        644.51293725147843
   2.7999999999999998       0.50000000000000000       -6.6550571340002289        568.80778999999995        594.55578000000003        1536.6364300000000        577.26782031595940        617.71278359158896        678.45036852173507
   2.8500000000000001       0.50000000000000000       -6.7432424856666415        562.06000666666671        587.02332000000001        1550.9166733333334        575.46575086656958        609.98828951094765        713.40326666645706
   2.8999999999999999       0.50000000000000000       -6.8335074641666527        554.96144666666669        579.34212833333333        1565.6964250000001        572.20505864050938        611.40736570354784        761.74525638576597
   2.9500000000000002       0.50000000000000000       -6.9257079309167739        547.62095666666664        571.37592833333338        1581.0031150000000        570.42859281814890        608.09747538814554        808.32978113042191
   3.0000000000000000       0.50000000000000000       -7.0201870000000550        539.90650000000005        563.05624000000000        1597.0372600000001        572.55555441661272        606.73172206239542        866.92296835919842
