   1.0000000000000000       0.50000000000000000       -1.8646436000000262        42.976574999999997        43.731295000000003        12.292130000000000        2.6878562693752883        2.6862126229746082        10.535090063100000
   1.1000000000000001       0.50000000000000000       -1.8563153075000298        41.830039999999997        42.585425000000001        14.584535000000001        3.0502835984002559        3.0550425693747911        11.997203833774961
   1.2000000000000000       0.50000000000000000       -1.8505990099999845        40.550984999999997        41.307295000000003        17.141719999999999        3.5096805297753235        3.5025547829745847        13.812785441599999
   1.3000000000000000       0.50000000000000000       -1.8469793849999749        39.084454999999998        39.839460000000003        20.076084999999999        3.9787823529752586        3.9797169083997233        15.703806072775023
   1.3999999999999999       0.50000000000000000       -1.8470650400000013        37.396884999999997        38.155265000000000        23.447849999999999        4.4308472967752550        4.4380977797750347        17.526070377499991
   1.5000000000000000       0.50000000000000000       -1.8521747374999751        35.561599999999999        36.319125000000000        27.119274999999998        4.9018554400001904        4.9028242343749753        19.398078474375097
   1.6000000000000001       0.50000000000000000       -1.8627874999999967        33.518045000000001        34.277000000000001        31.204955000000002        5.3365643779748098        5.3339409999998679        21.130558447974863
   1.7000000000000002       0.50000000000000000       -1.8808775525000250        31.329305000000002        32.091070000000002        35.579625000000000        5.7235632169748669        5.7203562550998868        22.679069859374977
   1.8000000000000000       0.50000000000000000       -1.9070400599999819        29.003395000000001        29.763155000000001        40.233449999999998        5.9752734739748803        5.9816794459749190        23.703631097500192
   1.8999999999999999       0.50000000000000000       -1.9422606125000317        26.586970000000001        27.345459999999999        45.067570000000003        6.1947462191000113        6.1952773884000862        24.568574295099552
   2.0000000000000000       0.50000000000000000       -1.9877389500000122        24.113775000000000        24.871825000000001        50.014400000000002        6.2885002493750335        6.2793761693749275        24.923532639999394
   2.1000000000000001       0.50000000000000000       -2.0423369399999802        21.649895000000001        22.410710000000002        54.939394999999998        6.1662414889749471        6.1654972958999110        24.453822033975484
   2.2000000000000002       0.50000000000000000       -2.1071591500000424        19.233084999999999        19.992294999999999        59.774619999999999        6.0324263827750428        6.0363656329750484        23.926133855600256
   2.2999999999999998       0.50000000000000000       -2.1807351575000364        16.917755000000000        17.675310000000000        64.406935000000004        5.7042307599750188        5.7125064039000222        22.621768905773934
   2.4000000000000004       0.50000000000000000       -2.2627481199999795        14.730460000000001        15.488400000000000        68.781139999999994        5.3109681883999542        5.3181554399999698        21.046990300400466
   2.5000000000000000       0.50000000000000000       -2.3518291375000491        12.692100000000000        13.450850000000001        72.857050000000001        4.9111075900000003        4.9173142774999690        19.446175297500304
   2.6000000000000001       0.50000000000000000       -2.4469516599998209        10.835150000000001        11.592829999999999        76.572019999999995        4.4785144774999850        4.4767025911000076        17.698633119601254
   2.7000000000000002       0.50000000000000000       -2.5469077499999639        9.1695499999999992        9.9250249999999998        79.905424999999994        3.9621027975000089        3.9630837493750022        15.637760569375132
   2.7999999999999998       0.50000000000000000       -2.6504108649999818        7.6938950000000004        8.4513850000000001        82.854720000000000        3.5205747289749922        3.5174965817749921        13.864633721599603
   2.9000000000000004       0.50000000000000000       -2.7567339150000709        6.4010199999999999        7.1583199999999998        85.440659999999994        3.0648729596000024        3.0785647776000005        12.075328764401092
   3.0000000000000000       0.50000000000000000       -2.8646855000002414        5.2663099999999998        6.0172299999999996        87.716459999999998        2.6479689839000002        2.6568931271000054        10.394485068400172
