  0.50000000000000000       0.50000000000000000       0.50000000000000000       0.48148148148148145       0.48148148148148145       3.70370370370370350E-002   0.0000000000000000        0.0000000000000000        0.0000000000000000
  0.50000000000000000       0.50000000000000000       0.55000000000000004       0.48148148148148145       0.48148148148148145       3.70370370370370350E-002   0.0000000000000000        0.0000000000000000        0.0000000000000000
  0.50000000000000000       0.50000000000000000       0.59999999999999998       0.48147903111111107       0.48148008148148141       3.70408874074074010E-002  9.84564009639951748E-006  2.95618945663725850E-006  2.26514530307516257E-005
  0.50000000000000000       0.50000000000000000       0.65000000000000002       0.48147349000000000       0.48147683000000002       3.70496800000000015E-002  3.10710863279247700E-005  9.70398946837694500E-006  7.28676790755276540E-005
  0.50000000000000000       0.50000000000000000       0.69999999999999996       0.48147769444444444       0.48147918703703707       3.70431185185185197E-002  1.68544257542601331E-005  6.16671181180410906E-006  4.13782902224166176E-005
  0.50000000000000000       0.50000000000000000       0.75000000000000000       0.48147361666666671       0.48147701962962963       3.70493637037037013E-002  3.20224350973687778E-005  9.62976659475653283E-006  7.36904846208172250E-005
  0.50000000000000000       0.50000000000000000       0.80000000000000004       0.48145156370370368       0.48146552592592595       3.70829103703703700E-002  1.34227746252522424E-004  3.64259678732465803E-005  2.98925998457788306E-004
  0.50000000000000000       0.50000000000000000       0.84999999999999998       0.48139506444444441       0.48143442407407411       3.71705114814814830E-002  3.93588510255708725E-004  1.11422787713645781E-004  8.87319272161996085E-004
  0.50000000000000000       0.50000000000000000       0.90000000000000002       0.48133664444444446       0.48140435814814814       3.72589974074074085E-002  7.00965213365163002E-004  1.87101673283096819E-004  1.54884903709225238E-003
  0.50000000000000000       0.50000000000000000       0.94999999999999996       0.48117503481481483       0.48132524740740751       3.74997177777777885E-002  1.66120159689819944E-003  3.93657319903097829E-004  3.52852571087202815E-003
  0.50000000000000000       0.50000000000000000        1.0000000000000000       0.44003438383333332       0.48146492729259255       7.85006888740740760E-002  0.36309835557299841       6.60595683889739476E-003  0.29078990017649764  
  0.50000000000000000       0.50000000000000000        1.0500000000000000       0.37311571991851850       0.48377150794814816       0.14311277213333334       1.31566515105293585E-002  1.71802752237353051E-003  1.51702756292393642E-002
  0.50000000000000000       0.50000000000000000        1.1000000000000001       0.37277426663333335       0.48354575829999996       0.14367997506666666       1.87181164553664901E-003  2.21714294213732656E-003  4.77505371055384712E-003
  0.50000000000000000       0.50000000000000000        1.1499999999999999       0.37259823481481480       0.48326997111111109       0.14413179407407409       2.25218478715288710E-003  2.81284826592093822E-003  6.25882838802041368E-003
  0.50000000000000000       0.50000000000000000        1.2000000000000000       0.37234902518518515       0.48283313444444442       0.14481784037037038       2.94197413057123349E-003  3.86572381912696130E-003  8.51342695090419495E-003
  0.50000000000000000       0.50000000000000000        1.2500000000000000       0.37203158185185187       0.48226377074074073       0.14570464740740741       3.93393687278687648E-003  5.35835478644542101E-003  1.17329204102430522E-002
  0.50000000000000000       0.50000000000000000        1.3000000000000000       0.37160671259259259       0.48150580333333337       0.14688748407407407       5.11504042984193413E-003  7.15145447489771036E-003  1.55699187826529081E-002
  0.50000000000000000       0.50000000000000000        1.3500000000000001       0.37102889074074075       0.48050877555555549       0.14846233370370371       6.75289730368940945E-003  9.48358918324595720E-003  2.06666184864459646E-002
  0.50000000000000000       0.50000000000000000        1.3999999999999999       0.37023666296296298       0.47913505000000001       0.15062828703703704       8.94184028880705244E-003  1.24577695616796894E-002  2.72958934664428755E-002
  0.50000000000000000       0.50000000000000000        1.4500000000000000       0.36918325111111117       0.47734193333333341       0.15347481555555559       1.20333614558654125E-002  1.69110740117590780E-002  3.71085598044468279E-002
  0.50000000000000000       0.50000000000000000        1.5000000000000000       0.36773428925925922       0.47494656703703708       0.15731914370370370       1.60819901031424746E-002  2.25590659094181065E-002  4.94385090335789645E-002
  0.50000000000000000       0.50000000000000000        1.5500000000000000       0.36569701333333332       0.47171649074074073       0.16258649592592592       2.20267310710537643E-002  3.09158324164821308E-002  6.81825127909218703E-002
  0.50000000000000000       0.50000000000000000        1.6000000000000001       0.36281904222222222       0.46733274222222221       0.16984821555555557       3.00289262669091971E-002  4.26955818715160362E-002  9.37863956321638853E-002
  0.50000000000000000       0.50000000000000000        1.6499999999999999       0.35874838444444446       0.46135893814814821       0.17989267740740741       4.15572668418408980E-002  5.96434768622189221E-002  0.13034353343241728
  0.50000000000000000       0.50000000000000000        1.7000000000000000       0.35284281185185185       0.45297720111111106       0.19417998703703704       5.73578368331288460E-002  8.45742013466682374E-002  0.18162305759953731
  0.50000000000000000       0.50000000000000000        1.7500000000000000       0.34445707888888888       0.44138318777777780       0.21415973333333332       7.85668310381610058E-002  0.12035170927980086       0.24967305613392793
  0.50000000000000000       0.50000000000000000        1.8000000000000000       0.33300854814814812       0.42568005777777779       0.24131139407407406       0.10433376937539800       0.16759684820133433       0.32894702344309296
  0.50000000000000000       0.50000000000000000        1.8500000000000001       0.31820858851851852       0.40538254370370369       0.27640886777777779       0.13131123735198613       0.22059783507207478       0.39645696598251728
  0.50000000000000000       0.50000000000000000        1.8999999999999999       0.30108884629629629       0.38164387740740741       0.31726727629629631       0.15422044099511198       0.26698606423559357       0.42294501601873585
  0.50000000000000000       0.50000000000000000        1.9500000000000000       0.28340774629629628       0.35681846851851851       0.35977378518518521       0.16904670728249821       0.29668829377102496       0.39969641177466619
  0.50000000000000000       0.50000000000000000        2.0000000000000000       0.26638132888888888       0.33268808925925925       0.40093058185185182       0.17761720827784977       0.30902080982173274       0.35044497387776913
  0.50000000000000000       0.50000000000000000        2.0499999999999998       0.25029029370370370       0.30995819851851852       0.43975150777777783       0.17116928519747926       0.28467433359905109       0.30909709065807639
  0.50000000000000000       0.50000000000000000        2.1000000000000001       0.23463602111111109       0.28825838259259262       0.47710559629629623       0.16540178507258166       0.25926371670267717       0.28031241566235959
  0.50000000000000000       0.50000000000000000        2.1499999999999999       0.21866252481481482       0.26662474777777778       0.51471272740740737       0.16288307179276471       0.24335888576344586       0.29494803807249775
  0.50000000000000000       0.50000000000000000        2.2000000000000002       0.20062501740740740       0.24330783481481480       0.55606714777777777       0.16907062986031329       0.24162614415863234       0.37632269169359156
  0.50000000000000000       0.50000000000000000        2.2500000000000000       0.17489903296296297       0.21192969148148147       0.61317127555555551       0.23317780249728390       0.31474379086377602       0.74356846657288433
  0.50000000000000000       0.50000000000000000        2.2999999999999998       0.10928581814814815       0.13666431962962963       0.75404986222222226       0.33233409974789807       0.46681181790460230        1.3988097846302789
  0.50000000000000000       0.50000000000000000        2.3500000000000001       6.18054525925925899E-002  8.07021448148148163E-002  0.85749240259259263       0.16663373386026553       0.27396020666085757       0.76841625637650768
  0.50000000000000000       0.50000000000000000        2.3999999999999999       3.60798914814814825E-002  4.89903562962962988E-002  0.91492975222222228       9.01157408111672997E-002  0.16817734067501955       0.44952366450732506
  0.50000000000000000       0.50000000000000000        2.4500000000000002       2.15893148148148147E-002  3.03829044444444488E-002  0.94802778074074079       5.15003421027776520E-002  0.10666280100705013       0.27456089007357759
  0.50000000000000000       0.50000000000000000        2.5000000000000000       1.30676566666666685E-002  1.90673677777777779E-002  0.96786497555555562       2.98043894352114577E-002  6.76696483839077656E-002  0.16814174475217308
  0.50000000000000000       0.50000000000000000        2.5499999999999998       8.05635629629629542E-003  1.21578233333333348E-002  0.97978582037037032       1.77826304910207803E-002  4.40584523292113783E-002  0.10607655331837358
   0.50000000000000000     0.50000000000000000        2.6000000000000001       4.90932962962963015E-003  7.65505185185185160E-003  0.98743561851851847       1.06595678014444403E-002  2.90937372408888832E-002  6.78586659749486898E-002
  0.50000000000000000       0.50000000000000000        2.6499999999999999       2.96385740740740715E-003  4.73311851851851862E-003  0.99230302407407411       6.65086728436111579E-003  1.93559312828148131E-002  4.43873505670301371E-002
  0.50000000000000000       0.50000000000000000        2.7000000000000002       1.75182962962962957E-003  2.84438888888888892E-003  0.99540378148148145       4.38435281348148031E-003  1.36166996212962986E-002  3.09606470954087061E-002
  0.50000000000000000       0.50000000000000000        2.7500000000000000       1.03009814814814817E-003  1.70712962962962984E-003  0.99726277222222215       2.46541759250925923E-003  8.28064793981481487E-003  1.83798872351784402E-002
  0.50000000000000000       0.50000000000000000        2.7999999999999998       5.79361111111111114E-004  9.41790740740740847E-004  0.99847884814814813       1.54726156458333307E-003  4.90485839362037046E-003  1.11341786843345125E-002
  0.50000000000000000       0.50000000000000000        2.8500000000000001       2.25924074074074064E-004  3.80225925925925924E-004  0.99939384999999992       6.68727259250000085E-004  2.29576737329629642E-003  5.12437650899368307E-003
  0.50000000000000000       0.50000000000000000        2.8999999999999999       7.09259259259259277E-005  1.15768518518518521E-004  0.99981330555555559       2.22410277777777783E-004  7.18571988657407340E-004  1.63966329388872344E-003
    0.50000000000000000       0.50000000000000000        2.9500000000000002       4.88444444444444451E-005  8.03444444444444518E-005  0.99987081111111109       1.48630987259259280E-004  4.88089027814814832E-004  1.11303354958417248E-003
  0.50000000000000000       0.50000000000000000        3.0000000000000000       2.01703703703703710E-005  3.33455555555555591E-005  0.99994648407407416       5.91400401481481520E-005  1.98706503300370366E-004  4.50779730109152987E-004

