  0.50000000000000000       0.50000000000000000       -3.8523803199954334        47.399254999999997        48.116208999999998        3.4845359999999999       0.85185794497556344       0.79181696831892623        2.6919198647040012
  0.60999999999999999       0.50000000000000000       -3.8470903704901578        47.245893000000002        47.986502000000002        3.7676050000000001       0.92550113255083488       0.86159080399556842        2.9266340639750013
  0.71999999999999997       0.50000000000000000       -3.8353312767944225        47.012830999999998        47.741799999999998        4.2453690000000002        1.1105538654392149        1.0360697600003732        3.5034505538389951
  0.82999999999999996       0.50000000000000000       -3.8294010331081023        46.824829000000001        47.579313999999997        4.5958569999999996        1.2070766207589259        1.1530002894041900        3.8427589355510037
  0.93999999999999995       0.50000000000000000       -3.8214320900062559        46.622309999999999        47.364339999999999        5.0133500000000000        1.3898042639002597        1.3548293644003024        4.4659577775000017
   1.0500000000000000       0.50000000000000000       -3.8141809169978598        46.406010000000002        47.147956000000001        5.4460340000000000        1.5646418798996820        1.5306400220638352        4.9943606708439994
   1.1599999999999999       0.50000000000000000       -3.8048150884021004        46.134869999999999        46.877730999999997        5.9873989999999999        1.7473480830999506        1.6738807916390215        5.4441727147990022
   1.2700000000000000       0.50000000000000000       -3.7921420270003372        45.766829000000001        46.527360999999999        6.7058099999999996        1.9340687847588924        1.9021668756790859        5.9822592439000033
   1.3799999999999999       0.50000000000000000       -3.7836336573977287        45.479018000000003        46.222158999999998        7.2988229999999996        2.2290267556754770        2.1625068787188866        6.7707933146710033
   1.4900000000000000       0.50000000000000000       -3.7752911978027539        45.143810000000002        45.897067999999997        7.9591219999999998        2.4634936838999693        2.4036730033762979        7.3756259891159957
   1.6000000000000001       0.50000000000000000       -3.7637754119973068        44.724133000000002        45.474519999999998        8.8013469999999998        2.7918528983107080        2.7538067696000326        8.2613954855910094
   1.7100000000000000       0.50000000000000000       -3.7552197100001581        44.325974000000002        45.076326000000002        9.5976999999999997        3.1135439513236634        3.0536103417239246        8.9761427100000049
   1.8200000000000001       0.50000000000000000       -3.7447214058013047        43.844445999999998        44.593335000000003        10.562219000000001        3.5410309530841459        3.4648110777748116        9.9709272960389796
   1.9299999999999999       0.50000000000000000       -3.7342802284997956        43.309220000000003        44.060535000000002        11.630245000000000        3.9748709915995732        3.9004430137749750        10.883415739974993
   2.0400000000000000       0.50000000000000000       -3.7253615344025865        42.751444999999997        43.506619000000001        12.741936000000001        4.4796929119754623        4.4228956888389348        12.013414971903984
   2.1499999999999999       0.50000000000000000       -3.7164089204996671        42.133693000000001        42.885959999999997        13.980347000000000        5.0226596817508380        4.9612258784004553        13.048235259590996
   2.2599999999999998       0.50000000000000000       -3.7092152777996890        41.480243999999999        42.237003000000001        15.282753000000000        5.6068587004642723        5.5573080779909105        14.140191240991015
   2.3700000000000001       0.50000000000000000       -3.7027279692998940        40.760134999999998        41.521776000000003        16.718088999999999        6.3009982817750370        6.2280668058238007        15.291082688079030
   2.4800000000000000       0.50000000000000000       -3.6974620928000532        39.984518000000001        40.743971000000002        18.271511000000000        7.0290153076757633        6.8876996511589823        16.313192276879022
   2.5899999999999999       0.50000000000000000       -3.6941981832997310        39.156948000000000        39.915664999999997        19.927387000000000        7.7539453252959447        7.6890521077752965        17.408292852231057
   2.7000000000000002       0.50000000000000000       -3.6924857240003313        38.257792000000002        39.008795999999997        21.733412000000001        8.5641902847357869        8.5280266303841472        18.376091838255945
   2.8100000000000001       0.50000000000000000       -3.6940185445001883        37.315581000000002        38.068173999999999        23.616244999999999        9.4411411324388155        9.3792863057242357        19.258366599975034
   2.9199999999999999       0.50000000000000000       -3.6985073472000036        36.309288000000002        37.069896000000000        25.620816000000001        10.273182933055978        10.232534549184038        19.871094494144018
   3.0299999999999998       0.50000000000000000       -3.7061596482000461        35.264136000000001        36.016170000000002        27.719694000000000        11.105359173503984        11.083994531099734        20.274085546363949
   3.1400000000000001       0.50000000000000000       -3.7174016862000978        34.152579000000003        34.900038000000002        29.947382999999999        11.984634148758687        11.973542598555696        20.629689951311093
   3.2500000000000000       0.50000000000000000       -3.7332511299999629        32.983490000000003        33.747081999999999        32.269427999999998        12.735675419899735        12.752700485276137        20.563842552816141
   3.3599999999999999       0.50000000000000000       -3.7530744311995927        31.778883000000000        32.532850000000003        34.688267000000003        13.387921772310960        13.426718877499752        20.092593036710923
   3.4700000000000002       0.50000000000000000       -3.7777648551000080        30.528691999999999        31.274175000000000        37.197133000000001        13.903964769135996        13.996997569375026        19.427585080311019
   3.5800000000000001       0.50000000000000000       -3.8081568456002786        29.244707999999999        30.000959999999999        39.754331999999998        14.267956994735982        14.422539078400064        18.471286233776254
   3.6899999999999999       0.50000000000000000       -3.8434941741999897        27.935009000000001        28.679473000000002        42.385517999999998        14.453004669918982        14.603359942270913        17.203127871676088
   3.7999999999999998       0.50000000000000000       -3.8848561200000264        26.594013000000000        27.343107000000000        45.062880000000000        14.364620055830983        14.503651086551031        15.684200105599984
   3.9100000000000001       0.50000000000000000       -3.9323951957999528        25.232313000000001        26.001549000000001        47.766137999999998        14.028028170030893        14.244937100598918        14.037947564956539
   4.0199999999999996       0.50000000000000000       -3.9854201735999313        23.870922000000000        24.637010000000000        50.492068000000003        13.398200869915968        13.634251259899997        12.946035083375591
   4.1299999999999999       0.50000000000000000       -4.0442159419999539        22.519795999999999        23.272064000000000        53.208140000000000        12.694487118384018        12.928683179904056        14.655588740400162
   4.2400000000000002       0.50000000000000000       -4.1091888992000101        21.166540999999999        21.915876000000001        55.917583000000000        12.110419595319058        12.287049152623979        16.204955938110743
   4.3499999999999996       0.50000000000000000       -4.1802744620000984        19.826820999999999        20.588166999999999        58.585011999999999        11.547605533959029        11.834948080111019        17.617109959855952
   4.4600000000000000       0.50000000000000000       -4.2564985045999011        18.529309999999999        19.280488999999999        61.190201000000002        11.114980923900021        11.288065420879036        18.812971079598810
   4.5700000000000003       0.50000000000000000       -4.3385347719997798        17.249023000000001        18.009416999999999        63.741560000000000        10.601861045470969        10.833740820111018        19.793378766400110
   4.6799999999999997       0.50000000000000000       -4.4252891356008677        16.023416000000001        16.781566999999999        66.195017000000007        10.093441690943962        10.292545524511070        20.270139869709965
   4.7900000000000000       0.50000000000000000       -4.5171276321999727        14.823722000000000        15.587560000000000        68.588718000000000        9.5803520667159887        9.8117002463999938        20.632846116475775
   4.9000000000000004       0.50000000000000000       -4.6131485330000839        13.678115999999999        14.437627000000001        70.884257000000005        9.0022016905440410        9.2260981088709855        20.535553057950892
   5.0099999999999998       0.50000000000000000       -4.7131352831000752        12.588295000000000        13.347773999999999        73.063930999999997        8.4396924929749844        8.6673202449240137        20.184911327239206
   5.1200000000000001       0.50000000000000000       -4.8166758960001896        11.553902000000001        12.313368000000001        75.132729999999995        7.9228545743959842        8.1059734965759844        19.721145747101218
   5.2300000000000004       0.50000000000000000       -4.9236650839998104        10.565028999999999        11.326691000000000        77.108279999999993        7.3198697291590094        7.5133604905189770        18.894492441600960
   5.3399999999999999       0.50000000000000000       -5.0330920067997944        9.6468900000000009        10.408808000000001        78.944301999999993        6.7780273278999772        6.9750510191359893        18.084558732796722
   5.4500000000000002       0.50000000000000000       -5.1448358865001111        8.7871900000000007        9.5443529999999992        80.668457000000004        6.2516219038999878        6.4016603113910122        17.151577739150525
   5.5599999999999996       0.50000000000000000       -5.2587303167990616        7.9808510000000004        8.7383209999999991        82.280828000000000        5.6643638157989926        5.8511606009590054        15.983473634415532
   5.6699999999999999       0.50000000000000000       -5.3748732097970358        7.2132430000000003        7.9694630000000002        83.817294000000004        5.1319829229509963        5.3093129916309962        14.806721517563346
   5.7800000000000002       0.50000000000000000       -5.4909613179964287        6.5418750000000001        7.2928150000000000        85.165310000000005        4.6800919843749966        4.8411988757749995        13.806171603899202
   5.8899999999999997       0.50000000000000000       -5.6093529523957626        5.8881050000000004        6.6365790000000002        86.475316000000007        4.1768720089749962        4.3170846767590021        12.508088700142252
   6.0000000000000000       0.50000000000000000       -5.7285056400048937        5.2873590000000004        6.0432730000000001        87.669368000000006        3.8252783051189994        3.9517619474709988        11.730401480574983
