    0.5000    0.0267

    0.6122    0.0302

    0.7245    0.0340

    0.8367    0.0381

    0.9490    0.0426

    1.0612    0.0474

    1.1735    0.0526

    1.2857    0.0583

    1.3980    0.0644

    1.5102    0.0710

    1.6224    0.0781

    1.7347    0.0857

    1.8469    0.0939

    1.9592    0.1025

    2.0714    0.1117

    2.1837    0.1213

    2.2959    0.1314

    2.4082    0.1418

    2.5204    0.1525

    2.6327    0.1633

    2.7449    0.1742

    2.8571    0.1851

    2.9694    0.1957

    3.0816    0.2059

    3.1939    0.2155

    3.3061    0.2243

    3.4184    0.2323

    3.5306    0.2390

    3.6429    0.2446

    3.7551    0.2487

    3.8673    0.2514

    3.9796    0.2524

    4.0918    0.2519

    4.2041    0.2499

    4.3163    0.2463

    4.4286    0.2412

    4.5408    0.2349

    4.6531    0.2273

    4.7653    0.2188

    4.8776    0.2094

    4.9898    0.1994

    5.1020    0.1890

    5.2143    0.1782

    5.3265    0.1673

    5.4388    0.1564

    5.5510    0.1456

    5.6633    0.1351

    5.7755    0.1249

    5.8878    0.1151

    6.0000    0.1058
