   1.0000000000000000       0.50000000000000000       -1.8646883499999636        42.986195000000002        43.734614999999998        12.279190000000000        2.6327244219746717        2.6380458017752062        10.325352943900015
   1.1000000000000001       0.50000000000000000       -1.8564537325001202        41.846800000000002        42.595025000000000        14.558175000000000        3.0528897599999709        3.0344002493750395        11.956325669374991
   1.2000000000000000       0.50000000000000000       -1.8499024699999667        40.519570000000002        41.276245000000003        17.204184999999999        3.4565970150997600        3.4450436999745762        13.591403485775004
   1.3000000000000000       0.50000000000000000       -1.8469253324999739        39.075094999999997        39.832129999999999        20.092775000000000        3.9812357409750803        3.9834896631000447        15.717767799374997
   1.3999999999999999       0.50000000000000000       -1.8470749100000370        37.409340000000000        38.167645000000000        23.423014999999999        4.4094707643998845        4.4093601539748306        17.426003309774956
   1.5000000000000000       0.50000000000000000       -1.8519324374999979        35.557335000000002        36.313200000000002        27.129465000000000        4.9225026977746893        4.9170557599998119        19.466403813775059
   1.6000000000000001       0.50000000000000000       -1.8626352999999605        33.500869999999999        34.259010000000004        31.240120000000001        5.3413692431001891        5.3351138198997887        21.141592385599893
   1.7000000000000002       0.50000000000000000       -1.8808505999999625        31.327890000000000        32.086630000000000        35.585479999999997        5.6889581478999389        5.6884152431000530        22.543483169600222
   1.8000000000000000       0.50000000000000000       -1.9073194799999165        29.001764999999999        29.760864999999999        40.237369999999999        5.9718118847750929        5.9680694517750226        23.669195483100111
   1.8999999999999999       0.50000000000000000       -1.9426694000000420        26.588320000000000        27.348680000000002        45.063000000000002        6.2083295776001250        6.2108122575999687        24.629190999999764
   2.0000000000000000       0.50000000000000000       -1.9874723000000218        24.119814999999999        24.877250000000000        50.002935000000001        6.2311493657750816        6.2163324375000002        24.682216385774609
   2.1000000000000001       0.50000000000000000       -2.0424404450000182        21.659890000000001        22.418340000000001        54.921770000000002        6.1549651878999612        6.1540216443999611        24.406260067099993
   2.2000000000000002       0.50000000000000000       -2.1070809200000724        19.238450000000000        19.998114999999999        59.763435000000001        5.9851115975000084        5.9866414467750815        23.733382000775237
   2.2999999999999998       0.50000000000000000       -2.1807789550000334        16.912144999999999        17.669740000000001        64.418115000000000        5.6957064989750847        5.6904083323999544        22.560034846775125
   2.4000000000000004       0.50000000000000000       -2.2629255849999939        14.721145000000000        15.479564999999999        68.799289999999999        5.3163448889750100        5.3166424107750174        21.054255495900179
   2.5000000000000000       0.50000000000000000       -2.3520238124999948        12.681649999999999        13.439344999999999        72.879005000000006        4.9311932775000002        4.9277909709750247        19.506845209974017
   2.6000000000000001       0.50000000000000000       -2.4468897899997488        10.843025000000001        11.599565000000000        76.557410000000004        4.4373138493749877        4.4495368107750153        17.560804091898717
   2.7000000000000002       0.50000000000000000       -2.5469557024999654        9.1682550000000003        9.9259050000000002        79.905839999999998        3.9390552549749884        3.9444549309749988        15.556063894399813
   2.7999999999999998       0.50000000000000000       -2.6501685649999680        7.7049500000000002        8.4623249999999999        82.832724999999996        3.5111354974999927        3.5184605943750142        13.847334074375794
   2.9000000000000004       0.50000000000000000       -2.7558162300000606        6.4360999999999997        7.1846150000000000        85.379284999999996        3.0632467900000009        3.0669423017750006        12.043377888775467
   3.0000000000000000       0.50000000000000000       -2.8640026000000876        5.2992850000000002        6.0472200000000003        87.653495000000007        2.6040534887749978        2.6135002715999960        10.218259284974010
