  0.50000000000000000       0.90000000000000002       -7.4899909740935504        179.99601300000000        2419.9971869999999        100.00680000000000       1.33376038320420776E-002  6.11758697777986526E-003  3.58007600007113069E-002
  0.50000000000000000       0.89000000000000001       -7.4238622485032488        198.07252199999999        2389.9303949999999        111.99708300000000        7.5244415595225291       0.25266064517199993        7.8841199911094009
  0.50000000000000000       0.88000000000000000       -7.3669914984723102        226.27285699999999        2361.5420279999998        112.18511500000000        9.3907985575569910       0.56660264823585749        13.048631936775564
  0.50000000000000000       0.87000000000000000       -7.3088387675679982        254.79204500000000        2332.5770980000002        112.63085700000001        11.540739217969531       0.40566289797425270        15.059222945550573
  0.50000000000000000       0.85999999999999999       -7.2506533610135477        283.38729699999999        2303.5838850000000        113.02881800000000        12.773199533796287       0.39871980622410774        15.729749522875863
  0.50000000000000000       0.84999999999999998       -7.1918631774983925        309.69503500000002        2274.8062639999998        115.49870100000000        17.713339848764008       0.26537336315959692        18.906667812598243
  0.50000000000000000       0.83999999999999997       -7.1357979955201589        338.64626600000003        2246.5899450000002        114.76378900000000        6.6735912572330562       0.41509039606899023        7.1262318634780968
  0.50000000000000000       0.82999999999999996       -7.0807129065095022        368.74596300000002        2218.5359699999999        112.71806700000000        4.7234237026423216       0.42347215954214334        6.9893652835107787
  0.50000000000000000       0.82000000000000006       -7.0265618594664847        399.26857899999999        2190.7710280000001        109.96039300000000        3.0694718207523692       0.23190782219171524        4.3455737855510961
  0.50000000000000000       0.81000000000000005       -6.9710974259988321        427.56900700000000        2162.9251690000001        109.50582400000000        4.5064785339345690       0.12554382067173719        4.8236610810236016
  0.50000000000000000       0.80000000000000004       -6.9299686300532866        459.98346500000002        2139.9907589999998        100.02577599999999       6.61310937721282244E-002  1.94331053644418716E-002  0.15234459782550402
  0.50000000000000000       0.79000000000000004       -6.8640365475075331        478.14693999999997        2109.9852310000001        111.86782900000000        7.4417996364354622       0.27447137609124184        7.9113193267585302
  0.50000000000000000       0.78000000000000003       -6.8057155379702143        505.07499600000000        2081.2712160000001        113.65378800000001        13.511344599974109       0.72608688101172447        18.161081251053474
  0.50000000000000000       0.77000000000000002       -6.7495992005380225        535.59766600000000        2052.7201470000000        111.68218700000000        7.9294063524575904       0.28897379804402590        10.490130397030953
  0.50000000000000000       0.76000000000000001       -6.6907161279813172        563.39792599999998        2023.6068660000001        112.99520800000001        13.674685898586176       0.39092365745455027        16.925671036735366
  0.50000000000000000       0.75000000000000000       -6.6317562619792323        589.75414899999998        1994.7516750000000        115.49417600000000        16.619573785807006       0.29512019455432892        17.567004081025516
  0.50000000000000000       0.73999999999999999       -6.5756845960015458        617.88232200000004        1966.6973740000001        115.42030400000000        4.7372708882903680       0.33317250385880470        6.0315315475836542
  0.50000000000000000       0.72999999999999998       -6.5209955259770958        648.86559699999998        1938.6250910000001        112.50931199999999        4.6423483336111531       0.34830874158069491        6.6564512866589212
  0.50000000000000000       0.71999999999999997       -6.4664755049569473        679.27347999999995        1910.7355060000000        109.99101400000001        2.8718056896468624       0.27329792408272624        4.4174412518023018
  0.50000000000000000       0.70999999999999996       -6.4112144905149080        707.77404100000001        1882.9309880000001        109.29497100000000        4.3221970302984118       0.11455134395509958        4.6852386091595690
  0.50000000000000000       0.69999999999999996       -6.3699968920735550        739.99827900000003        1859.9991010000001        100.00261999999999       7.07053812220692635E-003  1.81769160553812981E-003  1.56871356011833996E-002
  0.50000000000000000       0.68999999999999995       -6.3039448775009390        758.05221500000005        1829.9675080000000        111.98027700000000        7.9187930937623605       0.28705227002501488        8.2562705032705708
  0.50000000000000000       0.67999999999999994       -6.2460025339800316        785.37819800000000        1801.3253740000000        113.29642800000001        12.463570272782817       0.73794675990939140        17.336889440815867
  0.50000000000000000       0.66999999999999993       -6.1894899620506383        815.46772899999996        1772.7024389999999        111.82983200000000        8.7691500826040283       0.31264195172116160        11.609117851776318
  0.50000000000000000       0.65999999999999992       -6.1309034664679185        843.63927300000000        1743.6335320000001        112.72719499999999        13.157678531482816       0.35820220503956079        16.113874931976170
  0.50000000000000000       0.65000000000000002       -6.0725962125254522        871.34857499999998        1714.7687699999999        113.88265500000000        17.535951969446614       0.27972668735310435        19.016112650975629
  0.50000000000000000       0.64000000000000001       -6.0158107360014998        898.09511199999997        1686.7052719999999        115.19961600000001        4.2841247074538842       0.31366440653800964        5.6262014525436825
  0.50000000000000000       0.63000000000000000       -5.9605165459686074        928.65922200000000        1658.4747740000000        112.86600400000000        4.7886373547371477       0.40742364898324013        6.9639450719823799
  0.50000000000000000       0.62000000000000000       -5.9064409800245334        959.31539999999995        1630.7133120000001        109.97128800000000        2.4939358400879428       0.26711899042129517        3.8914896210553707
  0.50000000000000000       0.60999999999999999       -5.8508627914973532        987.12724300000002        1602.9196680000000        109.95308900000001        5.4977407188853249       0.13033876987174153        5.8822428580770065
  0.50000000000000000       0.59999999999999998       -5.8100000000454068        1020.0000000000000        1580.0000000000000        100.00000000000000        0.0000000000000000        0.0000000000000000        0.0000000000000000
  0.50000000000000000       0.59000000000000008       -5.7440070890005464        1038.0594480000000        1549.9909459999999        111.94960600000000        8.9520069353748113       0.27629502536728978        8.8062274447638629
  0.50000000000000000       0.58000000000000007       -5.6864379284654634        1065.7857970000000        1521.4180120000001        112.79619099999999        11.408260574797168       0.66067296732217073        15.458022391521808
  0.50000000000000000       0.57000000000000006       -5.6285592690228743        1094.4440979999999        1492.5348879999999        113.02101399999999        13.340590966632590       0.38894982775673270        16.701863411804879
  0.50000000000000000       0.56000000000000005       -5.5711449585030408        1124.0395169999999        1463.6500799999999        112.31040299999999        10.753740906948224       0.34918799391016364        13.591121477591514
  0.50000000000000000       0.55000000000000004       -5.5133972479984754        1153.0364110000000        1434.7516169999999        112.21197200000000        10.410979738924652       0.26066838577389717        12.476695871215270
  0.50000000000000000       0.54000000000000004       -5.4559800054962286        1178.1011060000001        1406.7717809999999        115.12711299999999        4.8921375765930861       0.28207558812573552        6.0911097852331295
  0.50000000000000000       0.53000000000000003       -5.4009997764980557        1208.8643830000001        1378.6270340000001        112.50858300000000        4.7468255290295929       0.35803736280649900        6.8103858321101143
  0.50000000000000000       0.52000000000000002       -5.3462725504921114        1238.9164610000000        1350.7257279999999        110.35781100000000        4.3952177353203297       0.27191087044775486        5.9847977882800478
  0.50000000000000000       0.51000000000000001       -5.2912760174885056        1267.9133150000000        1322.9277440000001        109.15894100000000        4.1999112109187990       0.11966407019644976        4.5114842585207953
  0.50000000000000000       0.50000000000000000       -5.2500000000000000        1300.0000000000000        1300.0000000000000        100.00000000000000        0.0000000000000000        0.0000000000000000        0.0000000000000000
  0.50000000000000000       0.48999999999999999       -5.1844142749951043        1317.6128850000000        1270.2431329999999        112.14398199999999        9.2718114766757935       0.58351684454828501        8.1021101836777234
  0.50000000000000000       0.47999999999999998       -5.1290040864483428        1339.1313829999999        1243.7753580000001        117.09325900000000        4.4556520076002926       0.31180097162723541        6.6351512589171762
  0.50000000000000000       0.46999999999999997       -5.0687413709969560        1374.4467669999999        1212.6071950000000        112.94603800000000        15.240851748036221       0.41707773180678487        18.397696102556438
  0.50000000000000000       0.45999999999999996       -5.0109664570064432        1403.5056540000000        1183.6854519999999        112.80889400000000        14.605482032056898       0.37072755582630634        16.424065496765252
  0.50000000000000000       0.44999999999999996       -4.9528490550187838        1428.6522800000000        1155.4091659999999        115.93855400000000        56.654513801680878        2.8301701846066862        41.382650389085029
  0.50000000000000000       0.43999999999999995       -4.8954231559963635        1457.6765020000000        1126.6339620000001        115.68953600000000        7.5038020438514650       0.42384918220341206        9.1494801047028886
  0.50000000000000000       0.43000000000000005       -4.8405652494988249        1488.6384190000001        1098.4984159999999        112.86316500000000        5.1086836801841855       0.37691149115562439        7.0031536827755190
  0.50000000000000000       0.42000000000000004       -4.7862919975264360        1518.9896000000001        1070.7188790000000        110.29152100000000        4.1820008396171033       0.27257948345504701        5.7193180065587512
  0.50000000000000000       0.41000000000000003       -4.7311961884944500        1547.8125970000001        1042.9159560000001        109.27144699999999        4.7013336154632270       0.12755560595542192        5.1111880261923943
  0.50000000000000000       0.40000000000000002       -4.6899999999570943        1580.0000000000000        1020.0000000000000        100.00000000000000        0.0000000000000000        0.0000000000000000        0.0000000000000000
  0.50000000000000000       0.39000000000000001       -4.6268219615018751        1595.2382780000000        991.68112900000006        113.08059299999999        2.6620715949684381       0.44217078527435660        2.7399792683536361
  0.50000000000000000       0.38000000000000000       -4.5702352444947749        1618.8745140000001        964.31919500000004        116.80629100000000        4.9238672633655369       0.45355805195868015        6.3864083233202109
  0.50000000000000000       0.37000000000000000       -4.5138318224978748        1644.0444350000000        936.72384199999999        119.23172300000000        3.4047570307739079       0.36732775904238224        4.0251179512706585
  0.50000000000000000       0.35999999999999999       -4.4593508169820302        1671.1809590000000        909.50413500000002        119.31490599999999        3.5834883400239050       0.42772740183863789        4.8537152111639443
  0.50000000000000000       0.34999999999999998       -4.4034977155088910        1697.8396310000001        881.83115999999995        120.32920900000001        12.255641283467412       0.24752105446532369        13.773250934316820
  0.50000000000000000       0.33999999999999997       -4.3529444479923622        1711.5557710000000        858.86662500000000        129.57760400000001        1.7839290956035256       0.14865260932128876        2.5110586191804032
  0.50000000000000000       0.32999999999999996       -4.2939566914998073        1748.1179830000001        827.95907999999997        123.92293700000000        29.296736511401832        3.6696795535972342        15.113938794029309
  0.50000000000000000       0.31999999999999995       -4.2453700105321239        1780.7085609999999        802.00629200000003        117.28514699999999        169.85502980928868        65.940871410653926        35.406926688390740
  0.50000000000000000       0.31000000000000005       -4.1885165815046550        1806.6679329999999        774.07304599999998        119.25902100000000        218.93923900788650        63.652642281958833        52.098603621558141
  0.50000000000000000       0.30000000000000004       -4.1299999999471710        1860.0000000000000        740.00000000000000        100.00000000000000        0.0000000000000000        0.0000000000000000        0.0000000000000000
  0.50000000000000000       0.29000000000000004       -4.0699621044899699        1876.0203839999999        712.78076499999997        111.19885100000000        2.4564894931390882       0.26521151477936655        2.9210147797984973
  0.50000000000000000       0.28000000000000003       -4.0156246804927074        1901.7060260000001        685.90866700000004        112.38530700000000        3.8703342871740460       0.16669678303878754        4.3818220157500036
  0.50000000000000000       0.27000000000000002       -3.9636408160000580        1928.5265220000001        659.75102200000003        111.72245599999999        1.5996005828492343       0.23968695546500385        2.3587973280646111
  0.50000000000000000       0.26000000000000001       -3.9090480269908565        1953.9530789999999        632.82859499999995        113.21832600000000        4.4774889200925827       0.21691282605752349        4.9755507577228855
  0.50000000000000000       0.25000000000000000       -3.8559193484948526        1981.0781170000000        606.15211599999998        112.76976700000000        10.571197234559804       0.83415372256422415        7.4928272657107300
  0.50000000000000000       0.23999999999999999       -3.8169696590262836        2003.9885230000000        585.99015899999995        110.02131799999999       3.45007781870663166E-002  2.13466548011638224E-002  0.10299454287815024
  0.50000000000000000       0.22999999999999998       -3.7547034969994439        2035.1967440000001        554.84204999999997        109.96120600000000        17.636325797997415        8.2196067975019105        4.7594440255634254
  0.50000000000000000       0.21999999999999997       -3.7089050405133905        2058.2847360000001        531.90506900000003        109.81019499999999        4.3409174093976617       0.20512960519408807        4.6694695619753475
  0.50000000000000000       0.20999999999999996       -3.6679695785134743        2090.9886270000002        508.99010600000003        100.02126699999999       3.32081541419029236E-002  2.08301087259314954E-002  9.91582147125882329E-002
  0.50000000000000000       0.19999999999999996       -3.5700000000136365        2140.0000000000000        460.00000000000000        100.00000000000000        0.0000000000000000        0.0000000000000000        0.0000000000000000
  0.50000000000000000       0.18999999999999995       -3.5164994195066117        2158.4813089999998        434.90350599999999        106.61518500000000        3.0770921474322677       0.10530690796440467        3.3089299157763890
  0.50000000000000000       0.18000000000000005       -3.4674391190223184        2185.2134980000001        409.93294800000001        104.85355400000000        1.7188686039298773       8.11010292964056134E-002   1.9292195690832159
  0.50000000000000000       0.17000000000000004       -3.4183144424921919        2212.0692650000001        384.91192400000000        103.01881100000000        4.0685678599402308       0.10413861821871251        4.4443556462792912
  0.50000000000000000       0.16000000000000003       -3.3779956530216007        2235.9979010000002        363.99868099999998        100.00341800000000       8.24509374797344208E-003  2.75476023671217263E-003  1.96363172763085458E-002
  0.50000000000000000       0.15000000000000002       -3.3277107695067456        2262.7910790000001        338.52609200000001        98.682828999999998        3.0879125157371163        1.3555392075359123        4.0950720567598182
  0.50000000000000000       0.14000000000000001       -3.2869865300100782        2293.9938699999998        315.99583799999999        90.010292000000007       2.16904245316982269E-002  8.54567777423653752E-003  5.45100747340256930E-002
  0.50000000000000000       0.13000000000000000       -3.2375737784965715        2320.5448369999999        290.92054400000001        88.534619000000006        4.0625131437554955       0.10357674406259321        4.4544200248383277
  0.50000000000000000       0.12000000000000000       -3.1959899074965032        2351.9959450000001        267.99677400000002        80.007281000000006       1.27690564841032028E-002  6.71659292129334062E-003  3.59924870381291839E-002
  0.50000000000000000       0.10999999999999999       -3.1467167375035543        2378.6768400000001        242.95132699999999        78.371832999999995        1.8406926132738590       5.36304390698205680E-002   1.9828557201117292
  0.50000000000000000       9.99999999999999778E-002  -3.1100956529937585        2398.8881910000000        224.26062300000001        76.851185999999998        1.9189352467656136        24.717647151868732        25.679037393404542
