   3.0000000000000000       0.90000000000000002       0.50000000000000000       2.22758170370370365E-002  0.84205513629629625       0.13566904666666665       2.10061633976162433E-002  0.20573108330334502       0.21969555855797673
   3.0000000000000000       0.88000000000000000       0.50000000000000000       3.08166292592592581E-002  0.81422967444444450       0.15495369629629629       2.93207699628887722E-002  0.22899920438692251       0.25111901740725712
   3.0000000000000000       0.85999999999999999       0.50000000000000000       4.04065748148148135E-002  0.78726523333333331       0.17232819185185186       3.84271302024063940E-002  0.24870215067570961       0.28060404647780901
   3.0000000000000000       0.83999999999999997       0.50000000000000000       5.09134266666666641E-002  0.76093117814814815       0.18815539518518518       4.88600352120354547E-002  0.26592781051820902       0.30944772208610732
   3.0000000000000000       0.82000000000000006       0.50000000000000000       6.22982062962963018E-002  0.73522859814814812       0.20247319555555557       5.99407978167949274E-002  0.28371913190517162       0.33986711677541109
   3.0000000000000000       0.80000000000000004       0.50000000000000000       7.44708448148148211E-002  0.71000444518518513       0.21552470999999998       7.12717457477912014E-002  0.29473925776003551       0.36273991164518521
   3.0000000000000000       0.78000000000000003       0.50000000000000000       8.73791851851851847E-002  0.68532613814814813       0.22729467666666664       8.32864720592570579E-002  0.30639223025628815       0.38902892243591380
   3.0000000000000000       0.76000000000000001       0.50000000000000000       0.10097604037037038       0.66099350444444449       0.23803045518518517       9.56749299905614303E-002  0.31369014615503449       0.41020509484870771
   3.0000000000000000       0.73999999999999999       0.50000000000000000       0.11523019666666667       0.63707003111111105       0.24769977222222223       0.10804834767260386       0.32036676112631407       0.43131444882286746
   3.0000000000000000       0.71999999999999997       0.50000000000000000       0.13008877037037037       0.61352328000000000       0.25638794962962963       0.12055064203614300       0.32680567804568755       0.45190283132171588
   3.0000000000000000       0.69999999999999996       0.50000000000000000       0.14556169555555554       0.59028067814814811       0.26415762629629630       0.13276965006293417       0.33032217839853495       0.47041077896320971
   3.0000000000000000       0.67999999999999994       0.50000000000000000       0.16152596814814815       0.56730207555555556       0.27117195629629626       0.14586899097296366       0.33358311589445089       0.48880622052760037
   3.0000000000000000       0.65999999999999992       0.50000000000000000       0.17802816111111111       0.54457701074074072       0.27739482814814814       0.15943180154769734       0.33489560641883009       0.50747974164689102
   3.0000000000000000       0.64000000000000001       0.50000000000000000       0.19503867222222224       0.52204560888888885       0.28291571888888889       0.17207471370658217       0.33730562420561910       0.52552926118576171
   3.0000000000000000       0.62000000000000000       0.50000000000000000       0.21252785111111111       0.49983959518518517       0.28763255370370372       0.18420960454102089       0.33981079553840338       0.54298611932184060
   3.0000000000000000       0.59999999999999998       0.50000000000000000       0.23041576222222224       0.47776130518518517       0.29182293259259262       0.19596354093948051       0.33844682773540691       0.55678728007452771
   3.0000000000000000       0.58000000000000007       0.50000000000000000       0.24884141814814817       0.45600737037037037       0.29515121148148149       0.20846365359062069       0.33522166777402163       0.56996922751500578
   3.0000000000000000       0.56000000000000005       0.50000000000000000       0.26767795444444442       0.43438270777777782       0.29793933777777776       0.21870359772316145       0.33391999973225650       0.57966380262635309
   3.0000000000000000       0.54000000000000004       0.50000000000000000       0.28686356814814817       0.41285827185185181       0.30027816000000002       0.23233828899627379       0.33387968219730452       0.59896269664254587
   3.0000000000000000       0.52000000000000002       0.50000000000000000       0.30651001185185184       0.39172235888888890       0.30176762925925926       0.24348919521146281       0.33090117246809381       0.61044938566115758
   3.0000000000000000       0.50000000000000000       0.50000000000000000       0.32648826444444445       0.37061191888888889       0.30289981666666665       0.25381587836938840       0.32605022868266570       0.61797404405734224
   3.0000000000000000       0.47999999999999998       0.50000000000000000       0.34681240074074071       0.34962349962962963       0.30356409962962960       0.26464883774656939       0.32571714502388471       0.63508919241527717
   3.0000000000000000       0.45999999999999996       0.50000000000000000       0.36761608629629633       0.32888261333333335       0.30350130037037037       0.27458183694609301       0.31957816737070160       0.63894138195288919
   3.0000000000000000       0.43999999999999995       0.50000000000000000       0.38870459185185191       0.30835013074074075       0.30294527740740745       0.28531792453679911       0.31510670207609009       0.64866984938590411
   3.0000000000000000       0.42000000000000004       0.50000000000000000       0.41024007703703708       0.28796452888888890       0.30179539407407407       0.29533677569944067       0.31030901893481821       0.65619527676513556
   3.0000000000000000       0.40000000000000002       0.50000000000000000       0.43206516185185190       0.26774298703703703       0.30019185111111113       0.30496387447109791       0.30435953285767164       0.66201242224886769
   3.0000000000000000       0.38000000000000000       0.50000000000000000       0.45418580555555554       0.24757069481481481       0.29824349962962959       0.31421018618314217       0.30131243272320180       0.67454463018979705
   3.0000000000000000       0.35999999999999999       0.50000000000000000       0.47678397111111109       0.22761276111111109       0.29560326777777779       0.32270534599061917       0.29415335413075000       0.67448145375358526
   3.0000000000000000       0.33999999999999997       0.50000000000000000       0.49966409814814816       0.20797098037037037       0.29236492148148147       0.32902327977991835       0.28655179329902036       0.67557967191005852
   3.0000000000000000       0.31999999999999995       0.50000000000000000       0.52285691481481489       0.18830065592592593       0.28884242925925924       0.33639148560395743       0.27661306523835433       0.66773067039092660
   3.0000000000000000       0.30000000000000004       0.50000000000000000       0.54646696703703701       0.16895034851851851       0.28458268444444446       0.34121657545281642       0.26490693188316611       0.65268365219649338
   3.0000000000000000       0.28000000000000003       0.50000000000000000       0.57045073444444450       0.14979356259259258       0.27975570296296298       0.34556761699159527       0.25016936145217322       0.63434223822279212
   3.0000000000000000       0.26000000000000001       0.50000000000000000       0.59502781962962970       0.13110259037037036       0.27386959000000000       0.34567511464331163       0.23042140360146596       0.60026470865204895
   3.0000000000000000       0.23999999999999999       0.50000000000000000       0.62022653296296293       0.11309591666666666       0.26667755037037039       0.34475286564220570       0.20116893979607051       0.54517490350479625
   3.0000000000000000       0.21999999999999997       0.50000000000000000       0.64612748851851853       9.58958966666666746E-002  0.25797661481481482       0.33989891154795060       0.16665761062805864       0.47932464531122670
   3.0000000000000000       0.19999999999999996       0.50000000000000000       0.67297722518518521       7.99614900000000101E-002  0.24706128481481482       0.33341152449397166       0.13194606306795054       0.41740037048520107
   3.0000000000000000       0.18000000000000005       0.50000000000000000       0.70077044148148149       6.54416448148148200E-002  0.23378791370370369       0.32466823601612338       0.10105630183759920       0.36411446064717085
   3.0000000000000000       0.16000000000000003       0.50000000000000000       0.72956692555555558       5.22823499999999983E-002  0.21815072444444442       0.31245983098926783       7.45775554077691694E-002  0.31864618467188577
   3.0000000000000000       0.14000000000000001       0.50000000000000000       0.75939208888888887       4.06137970370370402E-002  0.19999411407407408       0.29637590605593112       5.36152502994432512E-002  0.28355518164606852
   3.0000000000000000       0.12000000000000000       0.50000000000000000       0.79020096962962960       3.03539181481481471E-002  0.17944511222222223       0.27580862248385396       3.71797619536145818E-002  0.25283185527747265
   3.0000000000000000       9.99999999999999778E-002  0.50000000000000000       0.82210925000000012       2.14980677777777823E-002  0.15639268222222225       0.25122747861090361       2.45299996233003491E-002  0.22557022707460289
