   1.6000000000000001       0.50000000000000000       -4.9531981704999231        703.08983499999999        753.60862250000002        1243.3015425000001        819.06882217281964        952.01418990246020        525.26569087058306
   1.6200000000000001       0.50000000000000000       -4.9754882384000059        700.93797500000005        750.77520500000003        1248.2868200000000        812.20464789931430        946.33657470799517        515.63484928756952
   1.6399999999999999       0.50000000000000000       -4.9981573736000930        698.61471749999998        747.99323000000004        1253.3920525000001        821.89015364518855        950.23833666706923        503.32835858687758
   1.6599999999999999       0.50000000000000000       -5.0207137819999730        696.55986499999995        745.10693500000002        1258.3332000000000        813.16412868187763        942.41845240572002        498.50663775973953
   1.6799999999999999       0.50000000000000000       -5.0436835035000698        694.40383499999996        742.33190249999996        1263.2642625000001        817.21016979281558        936.69294698059093        489.08102658088319
   1.7000000000000000       0.50000000000000000       -5.0668154504999592        692.21939750000001        739.51463750000005        1268.2659650000001        810.16440848697675        932.61470199353062        481.54494761861861
   1.7200000000000000       0.50000000000000000       -5.0902201803999167        690.10658500000000        736.79447000000005        1273.0989450000000        812.51611963775940        933.16527241899166        472.09437238704413
   1.7400000000000000       0.50000000000000000       -5.1139444845999744        687.89970249999999        734.11925750000000        1277.9810399999999        813.74909666151507        927.69142389867920        461.90506301866844
   1.7600000000000000       0.50000000000000000       -5.1377835491000896        685.78332499999999        731.43457750000005        1282.7820975000000        802.87290694436524        920.21689614641946        456.95111975073814
   1.7800000000000000       0.50000000000000000       -5.1617514656000623        683.67864750000001        728.70558249999999        1287.6157700000001        802.35949382075341        915.04945708578452        448.39424980687909
   1.8000000000000000       0.50000000000000000       -5.1860897619999813        681.56088250000005        726.11539000000005        1292.3237274999999        798.66666957113193        912.12532514787745        445.79258175590076
   1.8200000000000001       0.50000000000000000       -5.2104317620999554        679.42880000000002        723.35879499999999        1297.2124050000000        794.39528056001291        907.19748114800313        437.03643661597744
   1.8400000000000001       0.50000000000000000       -5.2350453770001426        677.34628250000003        720.70366750000005        1301.9500499999999        791.74413718015421        899.47223079937976        429.36853249766864
   1.8600000000000001       0.50000000000000000       -5.2600134520500710        675.18897000000004        718.13681250000002        1306.6742174999999        790.73705283907475        893.02270358981332        422.10330951283686
   1.8799999999999999       0.50000000000000000       -5.2849376485999997        673.09437749999995        715.41134000000000        1311.4942825000001        787.61192163761007        887.82723190437537        420.26257856003940
   1.8999999999999999       0.50000000000000000       -5.3102178252499321        670.99325750000003        712.82887000000005        1316.1778724999999        780.29556578863412        878.89481202303432        415.08609512401745
   1.9199999999999999       0.50000000000000000       -5.3357095282000850        668.83360749999997        710.21893250000005        1320.9474600000001        784.19682478596224        876.90809231036110        409.01364704803564
   1.9399999999999999       0.50000000000000000       -5.3615037582500396        666.62699499999997        707.67276749999996        1325.7002375000000        776.50262977002421        870.64609014103189        404.94660869380459
   1.9600000000000000       0.50000000000000000       -5.3872798067999499        664.59752249999997        705.08983499999999        1330.3126425000000        774.33116061205510        862.38404717278900        400.57852591713890
   1.9800000000000000       0.50000000000000000       -5.4135148110497964        662.42519749999997        702.63873000000001        1334.9360724999999        770.15347333601676        859.04516648710705        395.07556952512823
   2.0000000000000000       0.50000000000000000       -5.4393685775000460        660.45598500000006        699.82456249999996        1339.7194525000000        765.92406767967623        850.90096543368418        391.33324435027316
   2.0200000000000000       0.50000000000000000       -5.4659138846000985        658.25926000000004        697.28400999999997        1344.4567300000001        760.76983675232623        845.12814331991831        394.15811520675197
   2.0400000000000000       0.50000000000000000       -5.4926431498000250        656.13595750000002        694.81723499999998        1349.0468075000001        753.04426180821611        834.22256945481058        391.16554780746810
   2.0600000000000001       0.50000000000000000       -5.5195526479001540        653.95907750000003        692.28645749999998        1353.7544650000000        746.13393159891712        829.54091085068649        392.28569256397896
   2.0800000000000001       0.50000000000000000       -5.5464298034998656        651.88158999999996        689.63252250000005        1358.4858875000000        743.52613407192985        818.51232153689489        392.39185958728194
   2.1000000000000001       0.50000000000000000       -5.5737089179999728        649.78261250000003        687.18865749999998        1363.0287300000000        732.18734392483020        808.70495459769154        395.07366708712652
   2.1200000000000001       0.50000000000000000       -5.6010992005998652        647.64290000000005        684.61278249999998        1367.7443175000001        724.86939958995208        796.10131385771092        394.21738270903006
   2.1400000000000001       0.50000000000000000       -5.6285919192500788        645.51570500000003        681.95328250000000        1372.5310125000001        725.50000085291686        796.42301622522064        397.43356197467074
   2.1600000000000001       0.50000000000000000       -5.6566273102998510        643.25561749999997        679.52836500000001        1377.2160174999999        717.26602344372077        782.71195292676566        400.27330519002862
   2.1800000000000002       0.50000000000000000       -5.6845753039999494        641.18201499999998        677.03668500000003        1381.7813000000001        711.17779553984292        779.01678421074757        402.67925780965015
   2.2000000000000002       0.50000000000000000       -5.7127079569999335        639.04833750000000        674.45745250000004        1386.4942100000001        702.99479223613162        766.20133596018422        407.08523147576489
   2.2200000000000002       0.50000000000000000       -5.7408974189499409        636.98793250000006        671.82397000000003        1391.1880974999999        700.86697562533664        763.74981343903346        411.85300308070146
   2.2400000000000002       0.50000000000000000       -5.7695416519999645        634.78534999999999        669.30984999999998        1395.9048000000000        692.65576787752798        752.73713047755882        414.19166695978492
   2.2599999999999998       0.50000000000000000       -5.7982633927502398        632.65871249999998        666.77482499999996        1400.5664624999999        688.86438909237040        750.19944121938897        421.77394898631610
   2.2799999999999998       0.50000000000000000       -5.8273896416001838        630.37390249999999        664.26143999999999        1405.3646575000000        677.70724067051196        738.97635662643006        427.63386615784839
   2.2999999999999998       0.50000000000000000       -5.8564496147500149        628.25432999999998        661.68606250000005        1410.0596075000001        677.52487375109922        734.22467699600384        433.30548569560051
   2.3199999999999998       0.50000000000000000       -5.8857116129999394        626.09884000000000        659.06188499999996        1414.8392750000000        676.38653065438848        728.96117274684366        438.90950747416355
   2.3399999999999999       0.50000000000000000       -5.9153855954000800        623.84479250000004        656.57214750000003        1419.5830599999999        667.32066438189941        721.64660348824691        445.36174853658304
   2.3599999999999999       0.50000000000000000       -5.9450509227999824        621.67236500000001        653.94584250000003        1424.3817925000001        665.36708530678879        715.82628071517684        451.94372323667631
   2.3799999999999999       0.50000000000000000       -5.9749860588500505        619.48431749999997        651.41034999999999        1429.1053325000000        658.89776030922076        706.31007287750253        460.51288381451741
   2.3999999999999999       0.50000000000000000       -6.0051591059999172        617.24207249999995        648.83001249999995        1433.9279150000000        653.19517215481028        704.57991299987771        467.24825125304051
