  0.50000000000000000       0.90400000000000003        1.5000000000000000       2.13057129629629638E-002  0.87775393888888897       0.10094034814814816       7.52530169009773403E-003  2.42589230307203238E-002  2.82349828673409305E-002
  0.50000000000000000       0.88800000000000001        1.5000000000000000       2.75320018518518533E-002  0.85831306111111116       0.11415493703703702       8.86824831999897915E-003  2.67574813407069692E-002  3.08387939099225156E-002
  0.50000000000000000       0.87200000000000000        1.5000000000000000       3.42587574074074072E-002  0.83909154444444445       0.12664969814814817       1.01443280108631951E-002  2.91137903288714965E-002  3.31994201022954849E-002
  0.50000000000000000       0.85599999999999998        1.5000000000000000       4.14556425925926009E-002  0.82006870740740756       0.13847565000000003       1.14434563927891513E-002  3.09110652691500405E-002  3.49015117528786861E-002
  0.50000000000000000       0.83999999999999997        1.5000000000000000       4.90407833333333307E-002  0.80114853703703703       0.14981067962962963       1.27081367566574000E-002  3.25522328764297209E-002  3.62070538206906642E-002
  0.50000000000000000       0.82400000000000007        1.5000000000000000       5.70360870370370393E-002  0.78239211296296296       0.16057180000000001       1.40306020955049838E-002  3.41739618198819983E-002  3.74436375020741272E-002
  0.50000000000000000       0.80800000000000005        1.5000000000000000       6.54169203703703628E-002  0.76377966481481474       0.17080341481481481       1.54171337769868910E-002  3.52676170181560611E-002  3.82006314646757064E-002
  0.50000000000000000       0.79200000000000004        1.5000000000000000       7.41890499999999925E-002  0.74524683888888887       0.18056411111111109       1.68318496959166918E-002  3.64930628355553677E-002  3.91119039666667362E-002
  0.50000000000000000       0.77600000000000002        1.5000000000000000       8.33039111111111147E-002  0.72678019074074074       0.18991589814814816       1.82898977072594934E-002  3.74497883150130897E-002  3.96275382487389499E-002
  0.50000000000000000       0.76000000000000001        1.5000000000000000       9.28680018518518446E-002  0.70842628333333335       0.19870571481481480       2.01004909096290409E-002  3.86290627188767138E-002  4.06679088689331086E-002
  0.50000000000000000       0.74399999999999999        1.5000000000000000       0.10275628518518519       0.69021082037037040       0.20703289444444445       2.18624027785635153E-002  3.92531803203261601E-002  4.12538307570290905E-002
  0.50000000000000000       0.72799999999999998        1.5000000000000000       0.11313120370370371       0.67198731481481488       0.21488148148148145       2.40616708616259237E-002  4.01056998739659290E-002  4.26268397119353437E-002
  0.50000000000000000       0.71199999999999997        1.5000000000000000       0.12399816296296295       0.65389519444444444       0.22210664259259261       2.66196189875881825E-002  4.09738352942319306E-002  4.50585513553808867E-002
  0.50000000000000000       0.69599999999999995        1.5000000000000000       0.13528619259259259       0.63593390740740741       0.22877990000000001       2.94254744362804875E-002  4.16345061974182779E-002  4.75902179081094806E-002
  0.50000000000000000       0.67999999999999994        1.5000000000000000       0.14707513333333333       0.61809545185185188       0.23482941481481481       3.27099261242960876E-002  4.22758681646761628E-002  5.16179461343047805E-002
  0.50000000000000000       0.66399999999999992        1.5000000000000000       0.15936631111111110       0.60039867407407410       0.24023501481481480       3.63989926287407173E-002  4.31847288058997969E-002  5.71464841147523370E-002
  0.50000000000000000       0.64800000000000002        1.5000000000000000       0.17230948888888889       0.58283002037037046       0.24486049074074073       4.02640468401477825E-002  4.41238092998537459E-002  6.35937676314551892E-002
  0.50000000000000000       0.63200000000000001        1.5000000000000000       0.18565561851851850       0.56552561851851857       0.24881876296296299       4.40695770852319868E-002  4.47835545889392964E-002  7.07069222372138095E-002
  0.50000000000000000       0.61599999999999999        1.5000000000000000       0.19947512037037035       0.54839959074074074       0.25212528888888885       4.70976105975053835E-002  4.55223765053112128E-002  7.70122182157047114E-002
  0.50000000000000000       0.59999999999999998        1.5000000000000000       0.21379406666666667       0.53150103518518510       0.25470489814814817       4.94201285497759546E-002  4.61760967155714769E-002  8.25032235431808619E-002
  0.50000000000000000       0.58400000000000007        1.5000000000000000       0.22822848703703702       0.51467282962962957       0.25709868333333330       5.05881771762475771E-002  4.62531026794507222E-002  8.49654334799167105E-002
  0.50000000000000000       0.56800000000000006        1.5000000000000000       0.24313074074074076       0.49806151296296292       0.25880774629629627       5.18869109464988806E-002  4.60128739206993459E-002  8.78137565540267478E-002
  0.50000000000000000       0.55200000000000005        1.5000000000000000       0.25822884814814812       0.48151202407407406       0.26025912777777777       5.29478470760477646E-002  4.59255803301978904E-002  9.05338141717705464E-002
  0.50000000000000000       0.53600000000000003        1.5000000000000000       0.27355108703703701       0.46507470370370368       0.26137420925925930       5.37090777751382115E-002  4.55218128440537870E-002  9.21669785624180810E-002
  0.50000000000000000       0.52000000000000002        1.5000000000000000       0.28922701111111110       0.44888933148148152       0.26188365740740738       5.42057427495971425E-002  4.48950385214751183E-002  9.35725272833072552E-002
  0.50000000000000000       0.50400000000000000        1.5000000000000000       0.30501416111111113       0.43266050185185190       0.26232533703703703       5.43322963203596992E-002  4.43496124873975842E-002  9.41201700770337435E-002
  0.50000000000000000       0.48799999999999999        1.5000000000000000       0.32120836111111112       0.41669865555555557       0.26209298333333331       5.45519506942097610E-002  4.35256578281102216E-002  9.48133456743623093E-002
  0.50000000000000000       0.47199999999999998        1.5000000000000000       0.33749442592592593       0.40073557962962963       0.26176999444444443       5.43129962344695155E-002  4.26102073381055893E-002  9.43226812703627099E-002
  0.50000000000000000       0.45599999999999996        1.5000000000000000       0.35397546666666668       0.38489512962962963       0.26112940370370374       5.39017883235586234E-002  4.17024173282940572E-002  9.37734267748085853E-002
  0.50000000000000000       0.43999999999999995        1.5000000000000000       0.37074235740740741       0.36924200000000001       0.26001564259259258       5.35048410883428027E-002  4.05882215407412650E-002  9.29965145557525852E-002
  0.50000000000000000       0.42400000000000004        1.5000000000000000       0.38771235925925929       0.35366514814814815       0.25862249259259257       5.28450432857243899E-002  3.95578178267472422E-002  9.18288901509125288E-002
  0.50000000000000000       0.40800000000000003        1.5000000000000000       0.40482880185185183       0.33814532037037037       0.25702587777777780       5.18752564322979490E-002  3.79825814488443311E-002  8.96366494725528706E-002
  0.50000000000000000       0.39200000000000002        1.5000000000000000       0.42222959814814814       0.32278069074074073       0.25498971111111113       5.11470741108132620E-002  3.64946212198265160E-002  8.71215460194040697E-002
  0.50000000000000000       0.37600000000000000        1.5000000000000000       0.43992014814814817       0.30758029074074072       0.25249956111111110       5.03560759934043728E-002  3.52246086116792881E-002  8.58478703125820225E-002
  0.50000000000000000       0.35999999999999999        1.5000000000000000       0.45778416111111114       0.29243645740740742       0.24977938148148152       4.95343368499864753E-002  3.39180109238986921E-002  8.41019741667090176E-002
  0.50000000000000000       0.34399999999999997        1.5000000000000000       0.47584597407407403       0.27744577592592590       0.24670824999999999       4.82871835449865741E-002  3.22872438508632828E-002  8.09682655071780333E-002
  0.50000000000000000       0.32799999999999996        1.5000000000000000       0.49418594814814820       0.26253138148148147       0.24328267037037038       4.65586514302898033E-002  3.05595027089323908E-002  7.64197096088840566E-002
  0.50000000000000000       0.31200000000000006        1.5000000000000000       0.51282132777777778       0.24777507407407409       0.23940359814814816       4.53589689822183548E-002  2.89290484242792460E-002  7.32985460789586790E-002
  0.50000000000000000       0.29600000000000004        1.5000000000000000       0.53187614444444442       0.23330076111111112       0.23482309444444444       4.40734912737631643E-002  2.77849196780637908E-002  7.10718955865831947E-002
  0.50000000000000000       0.28000000000000003        1.5000000000000000       0.55114870740740740       0.21888882777777777       0.22996246481481483       4.26434765728360282E-002  2.65639583322141958E-002  6.82710912218499333E-002
  0.50000000000000000       0.26400000000000001        1.5000000000000000       0.57069574814814816       0.20440922777777779       0.22489502407407411       4.01663322061601019E-002  2.43145658988790578E-002  6.05685004979720082E-002
  0.50000000000000000       0.24800000000000000        1.5000000000000000       0.59081381666666666       0.19038278888888890       0.21880339444444444       3.67710653595349837E-002  2.20974788369994700E-002  5.18862877655465113E-002
  0.50000000000000000       0.23199999999999998        1.5000000000000000       0.61185840740740738       0.17677237592592593       0.21136921666666666       3.33238169427932038E-002  2.26336800731587566E-002  4.86960431603620236E-002
  0.50000000000000000       0.21599999999999997        1.5000000000000000       0.63383215185185193       0.16291965740740741       0.20324819074074074       3.01392355071341926E-002  2.51589088907151863E-002  5.12707687401977308E-002
  0.50000000000000000       0.19999999999999996        1.5000000000000000       0.65603275185185184       0.14707219814814815       0.19689504999999999       2.96948196763211561E-002  2.30603512282209523E-002  4.72273143529552408E-002
  0.50000000000000000       0.18400000000000005        1.5000000000000000       0.67895449444444445       0.13094868333333334       0.19009682222222221       3.11677911807055341E-002  2.07694694243612810E-002  4.59737802297786394E-002
  0.50000000000000000       0.16800000000000004        1.5000000000000000       0.70279850740740735       0.11525185000000000       0.18194964259259258       3.35843142946396223E-002  1.85462205473231750E-002  4.67230875727909709E-002
  0.50000000000000000       0.15200000000000002        1.5000000000000000       0.72748728518518513       0.10054818518518518       0.17196452962962963       3.52398329815575076E-002  1.83825849378600505E-002  5.16793258891811991E-002
  0.50000000000000000       0.13600000000000001        1.5000000000000000       0.75255384444444440       8.62378833333333344E-002  0.16120827222222223       3.54675654179300165E-002  1.76309888262869661E-002  5.29163892118428222E-002
  0.50000000000000000       0.12000000000000000        1.5000000000000000       0.77798769444444449       7.20616722222222200E-002  0.14995063333333333       3.61820592016253301E-002  1.61321458129536181E-002  5.28761744352217039E-002
  0.50000000000000000       0.10399999999999998        1.5000000000000000       0.80401451296296289       5.85861074074074048E-002  0.13739937962962961       3.68826640344195739E-002  1.60631352839466987E-002  5.59931496993582786E-002
