  0.50000000000000000       0.50000000000000000       -5.2500000000000000        1300.0000000000000        1300.0000000000000        100.00000000000000        0.0000000000000000        0.0000000000000000        0.0000000000000000
  0.55000000000000004       0.50000000000000000       -5.2549999999345554        1300.0000000000000        1300.0000000000000        100.00000000000000        0.0000000000000000        0.0000000000000000        0.0000000000000000
  0.59999999999999998       0.50000000000000000       -5.2599882815615517        1299.9933840000001        1299.9962200000000        100.01039600000000       2.65832282602787018E-002  7.98171153292059898E-003  6.11589231830294011E-002
  0.65000000000000002       0.50000000000000000       -5.2649629343908986        1299.9784230000000        1299.9874410000000        100.03413600000000       8.38919330853968859E-002  2.62007715646177530E-002  0.19674273350392468
  0.69999999999999996       0.50000000000000000       -5.2699826840162904        1299.9897750000000        1299.9938050000001        100.01642000000000       4.55069495365023613E-002  1.66501218918710947E-002  0.11172138360052486
  0.75000000000000000       0.50000000000000000       -5.2749675854506286        1299.9787650000001        1299.9879530000001        100.03328200000000       8.64605747628957033E-002  2.60003698058426380E-002  0.19896430847620650
  0.80000000000000004       0.50000000000000000       -5.2798890683770576        1299.9192220000000        1299.9569200000001        100.12385800000000       0.36241491488181055       9.83501132577657700E-002  0.80710019583602843
  0.84999999999999998       0.50000000000000000       -5.2846918328528458        1299.7666740000000        1299.8729450000001        100.36038100000000        1.0626889776904136       0.30084152682684362        2.3957620348373894
  0.90000000000000002       0.50000000000000000       -5.2895236047259822        1299.6089400000001        1299.7917669999999        100.59929300000000        1.8926060760859400       0.50517451786436141        4.1818924001490814
  0.94999999999999996       0.50000000000000000       -5.2940938740688317        1299.1725939999999        1299.5781680000000        101.24923800000001        4.4852443116251379        1.0628747637383640        9.5270194193544739
   1.0000000000000000       0.50000000000000000       -5.2999106086565186        1188.0928363500000        1299.9553036899999        211.95185996000001        980.36556004709564        17.836083465022966        785.13273047654366
   1.0500000000000000       0.50000000000000000       -5.3316863676712760        1007.4124437800000        1306.1830714600001        386.40448476000000        35.522959078429267        4.6386743104085326        40.959744198946282
   1.1000000000000001       0.50000000000000000       -5.3499406887228922        1006.4905199100000        1305.5735474099999        387.93593268000001        5.0538914429489523        5.9862859437707812        12.892645018495386
   1.1499999999999999       0.50000000000000000       -5.3680312206044327        1006.0152340000000        1304.8289219999999        389.15584400000000        6.0808989253127947        7.5946903179865330        16.898836647655116
   1.2000000000000000       0.50000000000000000       -5.3855005598012466        1005.3423680000000        1303.6494630000000        391.00816900000001        7.9433301525423303        10.437454311642796        22.986252767441329
   1.2500000000000000       0.50000000000000000       -5.4025749990005458        1004.4852710000000        1302.1121810000000        393.40254800000002        10.621629556524567        14.467557923402637        31.678885107656242
   1.3000000000000000       0.50000000000000000       -5.4191102001002704        1003.3381240000000        1300.0656690000001        396.59620699999999        13.810609160573222        19.308927082223818        42.038780713162851
   1.3500000000000001       0.50000000000000000       -5.4350442933508489        1001.7780050000000        1297.3736939999999        400.84830099999999        18.232822719961405        25.605690794764087        55.799869913404109
   1.3999999999999999       0.50000000000000000       -5.4500078199997057        999.63899000000004        1293.6646350000001        406.69637499999999        24.142968779779039        33.635977816535160        73.698912359395763
   1.4500000000000000       0.50000000000000000       -5.4641183408999483        996.79477799999995        1288.8232200000000        414.38200200000000        32.490075930836610        45.659899831749499        100.19311147200642
   1.5000000000000000       0.50000000000000000       -5.4770923060000785        992.88258099999996        1282.3557310000001        424.76168799999999        43.421373278484680        60.909477955428883        133.48397439066321
   1.5500000000000000       0.50000000000000000       -5.4887099964500887        987.38193600000000        1273.6345249999999        438.98353900000001        59.472173891845159        83.472747524501756        184.09278453548905
   1.6000000000000001       0.50000000000000000       -5.4987509172000166        979.61141399999997        1261.7984039999999        458.59018200000003        81.078100920654833        115.27807105309330        253.22326820684248
   1.6499999999999999       0.50000000000000000       -5.5070499148501808        968.62063799999999        1245.6691330000001        485.71022900000003        112.20462047297042        161.03738752799109        351.92754026752664
   1.7000000000000000       0.50000000000000000       -5.5130770615001250        952.67559200000005        1223.0384429999999        524.28596500000003        154.86615944944788        228.35034363600425        490.38225551875075
   1.7500000000000000       0.50000000000000000       -5.5171426740000422        930.03411300000005        1191.7346070000001        578.23127999999997        212.13044380303472        324.94961505546235        674.11725156160537
   1.8000000000000000       0.50000000000000000       -5.5199049232002881        899.12307999999996        1149.3361560000001        651.54076399999997        281.70117731357459        452.51149014360271        888.15696329635102
   1.8500000000000001       0.50000000000000000       -5.5234240875498921        859.16318899999999        1094.5328680000000        746.30394300000000        354.54034085036255        595.61415469460189        1070.4338081527967
   1.8999999999999999       0.50000000000000000       -5.5318364194000624        812.93988500000000        1030.4384689999999        856.62164600000006        416.39519068680238        720.86237343610264        1141.9515432505868
   1.9500000000000000       0.50000000000000000       -5.5496394889998601        765.20091500000001        963.40986499999997        971.38922000000002        456.42610966274515        801.05839318176731        1079.1803117915988
   2.0000000000000000       0.50000000000000000       -5.5790282529999500        719.22958800000004        898.25784099999998        1082.5125710000000        479.56646235019434        834.35618651867844        946.20142946997657
   2.0499999999999998       0.50000000000000000       -5.6204697965500419        675.78379299999995        836.88713600000005        1187.3290710000001        462.15707003319403        768.62070071743801        834.56214477680624
   2.1000000000000001       0.50000000000000000       -5.6735988869998604        633.51725699999997        778.29763300000002        1288.1851099999999        446.58481969597051        700.01203509722836        756.84352228837088
   2.1499999999999999       0.50000000000000000       -5.7379566566000593        590.38881700000002        719.88681899999995        1389.7243639999999        439.78429384046467        657.06899156130385        796.35970279574394
   2.2000000000000002       0.50000000000000000       -5.8155198668000239        541.68754700000000        656.93115399999999        1501.3812989999999        456.49070062284591        652.39058922830736        1016.0712675726973
   2.2500000000000000       0.50000000000000000       -5.9138733889998347        472.22738900000002        572.21016699999996        1655.5624439999999        629.58006674266653        849.80823533219518        2007.6348597467877
   2.2999999999999998       0.50000000000000000       -6.0847023423999520        295.07170900000000        368.99366300000003        2035.9346280000000        897.30206931932480        1260.3919083424262        3776.7864185017534
   2.3500000000000001       0.50000000000000000       -6.2613513894501622        166.87472199999999        217.89579100000000        2315.2294870000001        449.91108142271696        739.69255798431550        2074.7238922165707
   2.3999999999999999       0.50000000000000000       -6.4229823873999070        97.415706999999998        132.27396200000001        2470.3103310000001        243.31250019015170        454.07881982255276        1213.7138941697776
   2.4500000000000002       0.50000000000000000       -6.5755964456001532        58.291150000000002        82.033842000000007        2559.6750080000002        139.05092367749967        287.98956271903535        741.31440319865942
   2.5000000000000000       0.50000000000000000       -6.7228169370000987        35.282673000000003        51.481892999999999        2613.2354340000002        80.471851475070935        182.70805063655098        453.98271083086729
   2.5499999999999998       0.50000000000000000       -6.8660559042499294        21.752161999999998        32.826123000000003        2645.4217149999999        48.013102325756108        118.95782128887072        286.40669395960867  
   2.6000000000000001       0.50000000000000000       -7.0070591519999885        13.255190000000001        20.668640000000000        2666.0761699999998        28.780833063899991        78.553090550399986        183.21839813236147
   2.6499999999999999       0.50000000000000000       -7.1462688122498585        8.0024149999999992        12.779420000000000        2679.2181650000002        17.957341667775012        52.261014463599992        119.84584653098136
   2.7000000000000002       0.50000000000000000       -7.2842630570014739        4.7299400000000000        7.6798500000000001        2687.5902099999998        11.837752596399998        36.765088977500007        83.593747157603502
   2.7500000000000000       0.50000000000000000       -7.4212850987528256        2.7812649999999999        4.6092500000000003        2692.6094849999999        6.6566274997750003        22.357749437500001        49.625695534981787
   2.7999999999999998       0.50000000000000000       -7.5576928720099685        1.5642750000000001        2.5428350000000002        2695.8928900000001        4.1776062243749994        13.243117662774999        30.062282447703183
   2.8500000000000001       0.50000000000000000       -7.6940255007394169       0.60999499999999995        1.0266100000000000        2698.3633949999999        1.8055635999750002        6.1985719078999999        13.835816574282944
   2.8999999999999999       0.50000000000000000       -7.8296674074896888       0.19150000000000000       0.31257499999999999        2699.4959250000002       0.60050775000000001        1.9401443693749998        4.4270908934995532
   2.9500000000000002       0.50000000000000000       -7.9647536804537227       0.13188000000000000       0.21693000000000001        2699.6511900000000       0.40130366560000003        1.3178403751000001        3.0051905838772655
   3.0000000000000000       0.50000000000000000       -8.0998910800642765       5.44600000000000015E-002  9.00330000000000019E-002   2699.8555070000002       0.15967810840000002       0.53650755891099999        1.2171052712947130
